cam_07 16 2 1 812 198
cam_07 27 1 2 201 548
cam_07 41 2 4 749 181
cam_07 16 2 1 758 203
cam_07 62 1 4 236 553
cam_07 41 2 2 826 203
cam_07 42 2 1 867 204
cam_07 50 2 1 848 202
cam_07 62 2 2 803 202
cam_07 79 1 4 343 577
cam_07 86 1 2 133 539
cam_07 89 2 4 693 185
cam_07 57 1 1 43 497
cam_07 121 1 3 321 575
cam_07 85 2 1 867 208
cam_07 116 2 4 721 163
cam_07 94 1 4 332 571
cam_07 99 2 2 807 196
cam_07 132 1 1 93 496
cam_07 120 2 1 854 209
cam_07 144 2 3 694 194
cam_07 205 1 2 152 537
cam_07 243 1 4 284 561
cam_07 168 2 1 666 194
cam_07 163 2 1 814 200
cam_07 169 2 1 710 200
cam_07 195 2 1 664 196
cam_07 170 2 1 829 199
cam_07 173 2 1 701 194
cam_07 228 1 2 145 541
cam_07 221 1 1 133 481
cam_07 214 2 2 782 157
cam_07 229 1 1 63 483
cam_07 216 1 1 77 481
cam_07 240 1 2 200 506
cam_07 306 1 4 225 571
cam_07 202 1 1 75 493
cam_07 235 1 1 175 405
cam_07 201 2 4 811 173
cam_07 229 2 1 910 219
cam_07 246 2 2 804 195
cam_07 259 1 1 104 483
cam_07 267 1 1 190 490
cam_07 260 2 3 746 200
cam_07 324 1 4 321 534
cam_07 312 2 4 726 190
cam_07 300 2 1 835 199
cam_07 291 2 1 842 206
cam_07 285 1 1 197 435
cam_07 343 2 4 701 168
cam_07 330 2 1 835 201
cam_07 393 1 4 238 565
cam_07 342 1 4 233 566
cam_07 353 1 4 158 575
cam_07 368 2 4 801 167
cam_07 464 1 1 55 501
cam_07 387 2 1 808 200
cam_07 414 1 2 114 566
cam_07 398 2 1 841 202
cam_07 432 1 1 181 476
cam_07 401 2 1 862 208
cam_07 434 2 4 716 172
cam_07 438 1 1 92 473
cam_07 428 2 1 818 202
cam_07 461 2 1 875 201
cam_07 465 2 1 665 191
cam_07 458 2 1 815 206
cam_07 482 2 1 839 204
cam_07 501 2 1 721 198
cam_07 505 2 1 707 213
cam_07 563 2 4 721 182
cam_07 559 2 1 658 201
cam_07 550 2 1 882 204
cam_07 738 2 4 703 191
cam_07 563 2 1 809 203
cam_07 567 2 1 925 226
cam_07 587 2 1 851 199
cam_07 574 2 1 789 201
cam_07 614 1 1 100 479
cam_07 678 1 4 36 468
cam_07 585 1 1 232 471
cam_07 618 2 1 846 202
cam_07 629 2 1 841 209
cam_07 673 1 2 402 565
cam_07 633 1 4 141 539
cam_07 657 2 1 844 203
cam_07 671 2 1 859 205
cam_07 704 2 2 818 194
cam_07 807 2 4 722 179
cam_07 725 2 3 812 172
cam_07 746 2 2 814 195
cam_07 757 2 1 757 213
cam_07 791 1 1 248 521
cam_07 773 2 4 806 178
cam_07 803 1 1 137 493
cam_07 800 1 2 436 525
cam_07 816 1 2 198 539
cam_07 783 2 1 876 208
cam_07 786 2 1 858 205
cam_07 839 1 2 433 523
cam_07 834 1 1 107 493
cam_07 828 1 1 148 482
cam_07 790 2 1 829 206
cam_07 826 2 1 666 198
cam_07 795 2 1 876 212
cam_07 794 2 1 815 204
cam_07 812 2 1 847 202
cam_07 848 2 4 711 174
cam_07 850 2 1 924 227
cam_07 836 1 1 261 491
cam_07 849 2 1 824 202
cam_07 902 2 2 740 163
cam_07 850 1 1 226 430
cam_07 894 1 1 211 451
cam_07 879 2 1 855 208
cam_07 937 2 4 736 171
cam_07 909 2 1 855 203
cam_07 968 2 4 781 173
cam_07 962 1 3 252 575
cam_07 1031 1 4 301 560
cam_07 990 1 4 331 573
cam_07 994 2 4 747 175
cam_07 967 2 1 869 211
cam_07 997 2 1 816 199
cam_07 1005 1 1 227 448
cam_07 1009 2 1 863 202
cam_07 1007 2 1 820 208
cam_07 1027 2 4 723 178
cam_07 1027 2 2 814 195
cam_07 1028 2 1 864 202
cam_07 1035 2 1 872 202
cam_07 1054 2 1 846 201
cam_07 1046 2 1 880 206
cam_07 1044 1 4 209 571
cam_07 1061 2 1 865 211
cam_07 1079 2 4 704 169
cam_07 1069 2 1 843 199
cam_07 1106 2 4 787 157
cam_07 1140 2 3 801 175
cam_07 1157 2 4 798 185
cam_07 1140 2 1 932 227
cam_07 1185 1 1 198 461
cam_07 1167 2 1 840 208
cam_07 1177 2 1 821 201
cam_07 1170 2 2 719 200
cam_07 1187 1 2 395 566
cam_07 1209 2 1 656 197
cam_07 1185 2 1 838 203
cam_07 1221 2 4 734 164
cam_07 1219 1 2 220 535
cam_07 1241 2 2 798 188
cam_07 1277 1 1 140 487
cam_07 1237 2 4 683 187
cam_07 1259 2 1 804 209
cam_07 1251 2 1 826 207
cam_07 1280 1 1 225 481
cam_07 1275 2 1 841 201
cam_07 1277 2 1 799 199
cam_07 1282 2 1 714 201
cam_07 1296 1 1 226 435
cam_07 1292 2 1 689 201
cam_07 1273 2 1 819 239
cam_07 1287 2 1 843 212
cam_07 1277 1 1 236 491
cam_07 1326 2 1 854 196
cam_07 1343 1 1 146 497
cam_07 1347 2 1 884 206
cam_07 1364 2 1 847 199
cam_07 1386 1 1 243 491
cam_07 1380 2 1 882 206
cam_07 1400 1 1 149 482
cam_07 1644 2 3 801 163
cam_07 1422 1 1 204 502
cam_07 1445 1 1 159 485
cam_07 1490 1 2 435 570
cam_07 1404 1 1 329 458
cam_07 1545 1 1 32 499
cam_07 1610 1 3 121 577
cam_07 1516 2 1 876 206
cam_07 1727 2 4 709 163
cam_07 1564 2 1 929 231
cam_07 1666 1 4 246 571
cam_07 1576 2 1 887 217
cam_07 1593 2 1 926 229
cam_07 1606 2 1 887 202
cam_07 1655 1 1 113 498
cam_07 1737 2 4 805 199
cam_07 1674 2 1 893 234
cam_07 1651 2 1 886 202
cam_07 1709 2 2 804 200
cam_07 1709 1 4 365 580
cam_07 1678 1 1 251 433
cam_07 1710 1 2 154 554
cam_07 1675 1 1 327 489
cam_07 1674 1 1 207 471
cam_07 1690 2 1 864 202
cam_07 1773 1 4 233 540
cam_07 1671 1 1 150 471
cam_07 1701 2 1 870 205
cam_07 1696 2 1 860 203
cam_07 1755 2 4 723 187
cam_07 1729 1 1 163 496
cam_07 1713 2 1 846 202
cam_07 1761 2 2 789 199
cam_07 1747 1 1 237 405
cam_07 1741 1 1 221 481
cam_07 1742 1 1 134 474
cam_07 1755 2 1 844 204
cam_07 1782 2 2 805 188
cam_07 1749 2 1 882 203
cam_07 1781 2 2 707 196
cam_07 1844 1 4 250 573
cam_07 1809 1 1 197 468
cam_07 1827 2 2 722 175
cam_07 1794 2 1 863 200
cam_07 1783 1 4 158 579
cam_07 1825 2 1 658 195
cam_07 1823 2 2 815 199
cam_07 1820 2 1 867 200
cam_07 1826 2 1 867 198
cam_07 1869 2 2 706 171
cam_07 1851 2 4 807 185
cam_07 1857 1 4 219 557
cam_07 1877 2 1 880 200
cam_07 1880 1 4 251 552
cam_07 1872 1 1 183 459
cam_07 1877 2 1 822 205
cam_07 1905 2 1 661 199
cam_07 1895 2 1 693 193
cam_07 1899 1 1 148 493
cam_07 1902 2 1 837 201
cam_07 1897 2 2 815 231
cam_07 1908 2 1 851 200
cam_07 1936 1 4 356 574
cam_07 1922 2 1 811 201
cam_07 1929 2 1 874 201
cam_07 1964 1 4 231 565
cam_07 1946 2 1 732 204
cam_07 1975 2 1 867 199
cam_07 1958 2 1 811 202
cam_07 1974 2 1 838 203
cam_07 1987 1 2 394 546
cam_07 1978 2 1 807 201
cam_07 2022 1 1 173 485
cam_07 1974 1 2 424 552
cam_07 1994 2 1 803 202
cam_07 2098 2 2 700 171
cam_07 2112 2 1 901 232
cam_07 2148 2 4 773 181
cam_07 2133 2 1 844 202
cam_07 2145 1 4 172 553
cam_07 2166 2 2 799 199
cam_07 2174 1 1 148 510
cam_07 2181 1 2 404 560
cam_07 2177 2 1 843 204
cam_07 2202 1 1 146 490
cam_07 2189 2 1 696 200
cam_07 2195 2 2 789 201
cam_07 2232 1 4 200 573
cam_07 2196 2 1 684 214
cam_07 2274 1 1 19 490
cam_07 2196 1 1 310 465
cam_07 2217 2 1 722 201
cam_07 2218 2 1 831 200
cam_07 2244 1 1 210 478
cam_07 2254 1 1 198 489
cam_07 2273 2 1 846 199
cam_07 2295 2 1 803 197
cam_07 2314 1 1 19 496
cam_07 2316 2 1 843 203
cam_07 2503 2 2 703 186
cam_07 2531 2 4 703 175
cam_07 2361 2 1 780 207
cam_07 2481 2 3 800 161
cam_07 2574 2 2 715 178
cam_07 2502 2 1 875 204
cam_07 2490 2 1 866 206
cam_07 2589 1 3 300 555
cam_07 2539 1 1 149 505
cam_07 2514 2 1 817 198
cam_07 2542 1 1 246 408
cam_07 2565 1 1 134 498
cam_07 2556 2 1 833 206
cam_07 2582 1 1 153 471
cam_07 2616 2 4 717 178
cam_07 2604 1 1 144 503
cam_07 2639 1 4 306 572
cam_07 2591 2 4 840 201
cam_07 2612 1 1 196 504
cam_07 2592 1 1 106 486
cam_07 2622 1 1 186 474
cam_07 2626 2 1 679 210
cam_07 2658 2 4 706 187
cam_07 2609 2 1 869 200
cam_07 2619 2 1 871 202
cam_07 2661 1 4 268 557
cam_07 2661 1 1 126 483
cam_07 2668 1 1 121 501
cam_07 2697 1 4 289 565
cam_07 2691 2 4 742 189
cam_07 2652 2 1 817 198
cam_07 2682 1 1 99 477
cam_07 2673 1 1 281 425
cam_07 2759 1 1 86 484
cam_07 2691 2 1 874 199
cam_07 2739 2 4 695 177
cam_07 2725 1 4 264 579
cam_07 2715 1 1 186 467
cam_07 2720 2 1 810 196
cam_07 2738 2 4 816 180
cam_07 2751 2 1 856 200
cam_07 2730 2 1 940 224
cam_07 2763 2 1 701 203
cam_07 2781 2 1 727 212
cam_07 2805 2 1 678 198
cam_07 2828 2 1 695 201
cam_07 2808 2 1 930 217
cam_07 2814 2 1 847 210
cam_07 2828 2 1 814 203
cam_07 2879 1 4 322 572
cam_07 2820 2 1 819 220
cam_07 2868 1 1 141 473
cam_07 2837 2 1 728 195
cam_07 2835 2 1 870 209
cam_07 2878 1 1 201 496
cam_07 2856 2 4 751 168
cam_07 2867 2 1 869 199
cam_07 2862 2 1 826 202
cam_07 2890 1 1 15 489
cam_07 2893 2 4 711 176
cam_07 2916 1 4 297 572
cam_07 2898 1 2 391 544
cam_07 2908 2 4 679 203
cam_07 2922 2 2 694 198
cam_07 2913 2 1 821 205
cam_07 2952 2 4 684 196
cam_07 2944 2 1 750 201
cam_07 2973 2 1 691 197
cam_07 2980 2 1 848 201
cam_07 2979 2 1 802 203
cam_07 2981 2 1 790 206
cam_07 3002 2 1 836 204
cam_07 3018 2 1 826 204
cam_07 3069 1 2 427 556
cam_07 3045 2 1 808 206
cam_07 3092 1 1 21 489
cam_07 3080 1 1 145 518
cam_07 3096 1 1 117 475
cam_07 3115 1 2 334 556
cam_07 3118 1 1 227 472
cam_07 3125 2 1 836 207
cam_07 3374 2 2 784 196
cam_07 3190 1 1 202 486
cam_07 3213 2 1 877 204
cam_07 3270 1 1 34 488
cam_07 3235 1 1 139 484
cam_07 3249 2 1 882 202
cam_07 3283 2 1 844 199
cam_07 3309 1 4 300 576
cam_07 3270 1 1 222 461
cam_07 3260 2 1 848 204
cam_07 3462 2 2 791 186
cam_07 3365 1 1 44 488
cam_07 3497 2 2 784 201
cam_07 3407 2 2 684 199
cam_07 3465 2 1 868 201
cam_07 3436 2 1 913 238
cam_07 3522 2 2 794 197
cam_07 3474 2 1 870 204
cam_07 3468 2 2 704 186
cam_07 3498 1 1 72 464
cam_07 3495 2 1 671 198
cam_07 3564 1 4 210 552
cam_07 3510 1 2 323 500
cam_07 3525 1 2 370 565
cam_07 3492 2 1 873 208
cam_07 3492 1 1 298 505
cam_07 3547 1 2 46 566
cam_07 3514 1 1 126 476
cam_07 3502 2 1 869 203
cam_07 3510 2 2 703 199
cam_07 3530 1 1 40 480
cam_07 3498 1 1 182 464
cam_07 3504 1 1 111 474
cam_07 3527 2 1 886 208
cam_07 3555 2 2 800 185
cam_07 3564 2 4 696 186
cam_07 3601 1 1 116 483
cam_07 3552 1 1 95 471
cam_07 3588 2 1 663 193
cam_07 3609 1 2 288 534
cam_07 3569 2 1 845 197
cam_07 3582 1 2 177 547
cam_07 3576 2 1 827 208
cam_07 3582 1 1 32 500
cam_07 3663 1 4 300 569
cam_07 3609 2 2 705 200
cam_07 3596 2 1 734 204
cam_07 3635 1 1 152 474
cam_07 3654 1 2 181 514
cam_07 3686 1 4 313 556
cam_07 3674 2 3 811 179
cam_07 3697 2 3 710 158
cam_07 3708 1 4 245 566
cam_07 3700 2 1 814 199
cam_07 3719 2 2 701 196
cam_07 3723 2 1 809 204
cam_07 3744 2 1 847 203
cam_07 3739 2 1 793 201
cam_07 3795 2 4 747 195
cam_07 3876 1 4 114 549
cam_07 3843 1 4 386 545
cam_07 3924 1 4 307 560
cam_07 3893 2 4 760 158
cam_07 3901 1 1 86 480
cam_07 3902 2 1 875 201
cam_07 3887 1 1 40 503
cam_07 3915 2 1 824 202
cam_07 3923 2 1 832 205
cam_07 3930 2 2 733 203
cam_07 3959 2 1 848 198
cam_07 3994 2 1 686 197
cam_07 4018 2 1 659 195
cam_07 3990 2 1 851 207
cam_07 4374 2 4 707 154
cam_07 4068 1 1 165 450
cam_07 4071 2 1 846 213
cam_07 4088 1 1 241 503
cam_07 4087 1 1 77 485
cam_07 4141 1 1 161 436
cam_07 4155 2 2 849 229
cam_07 4161 2 1 860 208
cam_07 4182 2 1 843 207
cam_07 4182 2 1 926 227
cam_07 4203 2 1 869 218
cam_07 4223 2 1 866 202
cam_07 4371 2 1 802 171
cam_07 4266 1 1 80 474
cam_07 4284 1 1 35 500
cam_07 4299 1 1 90 483
cam_07 4418 2 2 704 204
cam_07 4396 2 2 805 185
cam_07 4367 2 1 886 206
cam_07 4394 2 1 872 201
cam_07 4402 1 1 215 439
cam_07 4466 2 2 686 182
cam_07 4418 1 1 161 503
cam_07 4440 2 2 793 182
cam_07 4448 1 2 126 559
cam_07 4431 1 1 149 443
cam_07 4455 1 2 424 545
cam_07 4432 2 1 865 211
cam_07 4489 2 1 709 197
cam_07 4476 1 2 398 541
cam_07 4446 2 1 865 207
cam_07 4468 1 1 130 454
cam_07 4496 1 1 135 496
cam_07 4467 2 2 792 201
cam_07 4481 1 2 221 515
cam_07 4464 2 1 856 201
cam_07 4493 1 4 392 567
cam_07 4479 2 1 880 204
cam_07 4473 2 1 863 204
cam_07 4490 1 1 43 494
cam_07 4491 2 1 830 202
cam_07 4578 1 4 240 573
cam_07 4480 1 4 58 507
cam_07 4500 2 1 807 208
cam_07 4526 2 1 828 195
cam_07 4557 1 2 153 548
cam_07 4535 2 1 834 205
cam_07 4553 2 1 829 202
cam_07 4565 2 1 837 203
cam_07 4623 1 4 246 540
cam_07 4595 1 4 430 560
cam_07 4604 1 3 118 579
cam_07 4575 2 1 846 219
cam_07 4589 1 3 148 565
cam_07 4595 2 2 772 205
cam_07 4633 1 1 54 487
cam_07 4692 1 4 241 556
cam_07 4662 1 4 327 562
cam_07 4639 1 1 155 470
cam_07 4647 1 1 101 500
cam_07 4628 1 2 195 558
cam_07 4685 1 1 65 491
cam_07 4715 1 4 251 575
cam_07 4716 2 4 751 185
cam_07 4728 1 1 50 497
cam_07 4746 2 1 884 206
cam_07 4752 1 1 33 500
cam_07 4805 1 4 308 566
cam_07 4776 2 4 701 167
cam_07 4795 1 1 190 504
cam_07 4782 2 2 697 196
cam_07 4838 1 1 48 506
cam_07 4821 2 2 718 181
cam_07 4846 2 1 859 200
cam_07 4914 2 1 849 207
cam_07 4945 2 1 865 207
cam_07 4989 1 2 464 532
cam_07 4989 1 1 112 532
cam_07 5006 1 1 73 493
cam_07 5001 1 1 198 499
cam_07 5019 1 1 139 453
cam_07 5005 1 1 120 450
cam_07 5046 1 1 195 401
cam_07 5160 2 1 804 198
cam_07 5149 2 2 725 217
cam_07 5168 2 1 776 203
cam_07 5094 2 1 858 203
cam_07 5135 2 1 866 203
cam_07 5143 2 1 661 198
cam_07 5256 2 1 851 202
cam_07 5176 1 4 299 574
cam_07 5211 2 1 801 201
cam_07 5148 2 1 774 204
cam_07 5158 2 1 895 203
cam_07 5313 2 4 695 177
cam_07 5225 1 2 432 547
cam_07 5208 2 1 786 210
cam_07 5183 1 1 100 479
cam_07 5252 1 2 376 579
cam_07 5189 1 1 131 503
cam_07 5344 2 2 766 200
cam_07 5223 1 1 171 487
cam_07 5194 2 1 848 235
cam_07 5277 1 2 422 509
cam_07 5234 2 1 780 204
cam_07 5253 1 1 207 481
cam_07 5283 1 2 175 510
cam_07 5326 1 2 152 529
cam_07 5288 2 1 857 198
cam_07 5328 1 2 365 552
cam_07 5308 1 1 105 502
cam_07 5280 2 1 776 194
cam_07 5300 2 1 837 204
cam_07 5311 2 1 866 199
cam_07 5327 2 1 768 205
cam_07 5303 2 1 829 203
cam_07 5350 1 2 461 550
cam_07 5355 1 4 136 562
cam_07 5341 2 1 859 200
cam_07 5401 1 3 139 571
cam_07 5334 2 1 815 200
cam_07 5382 1 4 325 573
cam_07 5373 2 1 681 209
cam_07 5351 2 1 850 199
cam_07 5357 2 1 875 201
cam_07 5372 1 1 181 485
cam_07 5376 1 1 59 471
cam_07 5389 1 1 22 495
cam_07 5377 1 1 159 489
cam_07 5437 1 4 254 571
cam_07 5367 1 1 86 491
cam_07 5384 2 4 805 190
cam_07 5383 1 1 99 504
cam_07 5394 2 1 780 204
cam_07 5393 2 1 852 200
cam_07 5405 2 1 854 204
cam_07 5399 2 1 864 204
cam_07 5425 1 1 94 501
cam_07 5406 1 2 406 537
cam_07 5415 2 2 787 203
cam_07 5412 1 1 77 491
cam_07 5426 2 2 773 183
cam_07 5458 2 1 879 198
cam_07 5467 1 4 252 573
cam_07 5452 2 1 832 199
cam_07 5469 1 1 78 469
cam_07 5495 1 2 367 564
cam_07 5447 1 2 150 540
cam_07 5442 1 1 45 497
cam_07 5490 1 1 58 472
cam_07 5457 2 1 843 203
cam_07 5478 2 1 833 203
cam_07 5474 2 1 845 205
cam_07 5499 1 1 133 464
cam_07 5509 1 2 168 562
cam_07 5510 2 4 732 179
cam_07 5571 1 4 223 570
cam_07 5474 1 2 177 560
cam_07 5541 2 1 731 208
cam_07 5511 2 2 839 199
cam_07 5520 1 1 117 496
cam_07 5589 2 1 654 191
cam_07 5603 2 1 855 197
cam_07 5563 2 1 817 201
cam_07 5573 2 1 839 200
cam_07 5583 1 3 144 571
cam_07 5580 2 1 827 200
cam_07 5592 2 2 793 203
cam_07 5610 1 1 140 468
cam_07 5662 1 4 61 578
cam_07 5586 1 1 49 488
cam_07 5646 2 1 877 212
cam_07 5705 1 1 93 501
cam_07 5646 2 2 700 195
cam_07 5659 1 2 409 555
cam_07 5664 2 4 838 201
cam_07 5628 1 4 65 509
cam_07 5649 1 1 105 421
cam_07 5650 2 1 929 233
cam_07 5675 1 1 74 497
cam_07 5702 1 1 37 494
cam_07 5681 2 1 792 203
cam_07 5864 1 4 243 565
cam_07 5720 2 1 821 197
cam_07 5823 1 4 93 576
cam_07 5771 2 4 706 159
cam_07 5766 2 1 823 201
cam_07 5804 2 2 712 188
cam_07 5828 2 1 733 196
cam_07 5856 2 1 866 198
cam_07 5819 2 1 803 203
cam_07 5849 2 1 809 206
cam_07 5887 1 2 119 553
cam_07 5871 1 1 103 487
cam_07 5890 2 4 698 171
cam_07 5879 1 3 330 571
cam_07 5898 2 4 801 195
cam_07 5911 2 1 833 200
cam_07 5895 1 4 447 520
cam_07 5900 1 4 401 567
cam_07 5945 2 1 839 200
cam_07 5958 2 1 800 201
cam_07 6009 2 1 850 200
cam_07 6033 2 1 722 198
cam_07 6043 2 1 911 236
cam_07 6216 2 2 797 170
cam_07 6252 2 4 705 170
cam_07 6257 2 2 796 199
cam_07 6123 2 1 912 223
cam_07 6100 2 1 908 230
cam_07 6136 2 1 909 236
cam_07 6297 1 4 316 553
cam_07 6157 2 1 899 226
cam_07 6175 2 1 904 229
cam_07 6189 2 1 896 207
cam_07 6154 1 4 376 570
cam_07 6194 1 1 119 489
cam_07 6159 1 1 156 502
cam_07 6197 1 1 232 481
cam_07 6199 2 1 892 210
cam_07 6205 2 1 934 233
cam_07 6252 2 1 684 225
cam_07 6174 1 1 339 484
cam_07 6222 2 1 875 203
cam_07 6185 1 1 230 500
cam_07 6234 2 1 872 204
cam_07 6217 1 1 201 459
cam_07 6246 2 1 875 203
cam_07 6204 1 1 305 496
cam_07 6285 2 4 809 179
cam_07 6217 1 1 334 463
cam_07 6286 1 1 161 504
cam_07 6249 1 1 367 408
cam_07 6313 1 1 53 499
cam_07 6324 2 4 797 173
cam_07 6325 1 1 45 501
cam_07 6274 2 1 904 230
cam_07 6329 1 1 196 468
cam_07 6322 1 1 173 498
cam_07 6304 1 1 158 493
cam_07 6326 2 1 685 196
cam_07 6345 1 1 197 478
cam_07 6327 2 1 864 201
cam_07 6328 1 1 133 460
cam_07 6338 1 1 219 474
cam_07 6357 1 2 225 561
cam_07 6336 1 1 104 493
cam_07 6389 1 2 157 547
cam_07 6335 2 1 852 200
cam_07 6387 1 4 344 557
cam_07 6363 1 1 61 492
cam_07 6324 1 1 275 501
cam_07 6375 2 1 881 200
cam_07 6364 2 2 724 197
cam_07 6370 1 1 200 476
cam_07 6359 2 1 845 204
cam_07 6341 1 2 368 516
cam_07 6383 2 1 699 197
cam_07 6426 1 2 205 551
cam_07 6452 1 4 316 566
cam_07 6398 2 4 732 190
cam_07 6393 2 1 857 215
cam_07 6429 1 1 43 501
cam_07 6398 2 1 830 205
cam_07 6444 1 2 142 563
cam_07 6417 2 1 838 210
cam_07 6461 1 2 216 519
cam_07 6474 1 2 209 507
cam_07 6455 2 2 736 179
cam_07 6511 1 4 356 577
cam_07 6473 1 4 375 577
cam_07 6477 2 1 856 205
cam_07 6483 1 4 450 534
cam_07 6486 2 2 783 194
cam_07 6513 1 2 246 485
cam_07 6487 1 4 404 590
cam_07 6498 2 2 822 194
cam_07 6531 1 4 398 557
cam_07 6531 2 4 721 172
cam_07 6511 2 1 861 200
cam_07 6524 2 1 829 204
cam_07 6555 2 1 832 203
cam_07 6548 2 1 846 203
cam_07 6632 1 1 74 495
cam_07 6571 1 1 132 470
cam_07 6547 1 1 124 476
cam_07 6575 2 4 709 176
cam_07 6672 1 4 258 555
cam_07 6589 2 2 791 186
cam_07 6605 2 2 786 202
cam_07 6612 2 1 835 199
cam_07 6627 2 2 793 199
cam_07 6632 2 1 837 209
cam_07 6639 2 1 831 201
cam_07 6677 2 1 864 195
cam_07 6719 1 3 212 555
cam_07 6667 2 4 698 165
cam_07 6702 2 1 665 192
cam_07 6702 2 1 681 188
cam_07 6703 2 1 842 202
cam_07 6941 1 1 153 497
cam_07 6772 1 4 247 573
cam_07 6696 1 1 468 502
cam_07 6708 2 1 816 207
cam_07 6728 2 2 716 194
cam_07 6716 2 1 815 204
cam_07 6738 1 2 438 414
cam_07 6752 2 1 707 205
cam_07 6759 2 1 736 205
cam_07 6859 1 4 330 543
cam_07 6789 2 2 714 178
cam_07 6810 1 1 190 439
cam_07 6831 1 2 161 545
cam_07 6801 2 1 815 198
cam_07 6831 2 1 835 202
cam_07 6832 2 1 833 212
cam_07 6849 1 2 193 488
cam_07 6876 2 1 873 203
cam_07 6878 1 4 224 572
cam_07 6884 2 1 810 202
cam_07 6893 1 2 206 552
cam_07 6891 1 1 180 420
cam_07 6909 1 1 197 413
cam_07 6931 1 1 206 504
cam_07 6920 2 1 879 203
cam_07 6933 2 1 847 200
cam_07 6957 1 1 122 495
cam_07 7239 2 4 703 179
cam_07 7004 2 1 873 205
cam_07 7031 1 4 74 516
cam_07 7031 2 1 827 200
cam_07 7269 2 4 690 198
cam_07 7063 2 1 860 199
cam_07 7132 2 2 812 206
cam_07 7097 2 1 861 199
cam_07 7101 2 1 882 206
cam_07 7182 1 4 365 573
cam_07 7256 2 1 795 158
cam_07 7284 2 1 684 200
cam_07 7293 1 2 454 546
cam_07 7305 1 3 114 567
cam_07 7345 2 4 692 181
cam_07 7237 2 1 929 236
cam_07 7325 2 2 793 200
cam_07 7245 2 1 897 219
cam_07 7254 2 1 893 202
cam_07 7271 2 1 860 199
cam_07 7272 2 1 897 204
cam_07 7332 1 2 363 558
cam_07 7309 1 2 360 535
cam_07 7306 2 1 794 199
cam_07 7328 1 1 145 498
cam_07 7312 2 1 854 204
cam_07 7347 2 2 772 201
cam_07 7313 1 1 120 477
cam_07 7322 1 1 119 492
cam_07 7384 2 1 681 201
cam_07 7332 1 1 121 482
cam_07 7329 2 1 850 205
cam_07 7320 1 1 35 491
cam_07 7368 1 4 288 571
cam_07 7392 2 1 679 194
cam_07 7337 1 1 155 494
cam_07 7362 2 1 813 200
cam_07 7353 2 1 866 202
cam_07 7360 2 1 865 220
cam_07 7395 1 4 372 565
cam_07 7376 1 1 61 505
cam_07 7394 2 4 775 182
cam_07 7380 2 1 857 201
cam_07 7405 1 1 40 503
cam_07 7417 2 1 701 205
cam_07 7440 1 4 245 564
cam_07 7408 2 1 864 204
cam_07 7425 2 1 822 198
cam_07 7404 1 1 362 488
cam_07 7434 1 1 99 494
cam_07 7409 1 4 272 555
cam_07 7434 2 1 860 205
cam_07 7520 1 4 310 557
cam_07 7464 1 4 308 529
cam_07 7454 1 1 19 496
cam_07 7491 1 2 188 544
cam_07 7443 1 4 90 506
cam_07 7467 2 1 852 207
cam_07 7446 1 1 92 453
cam_07 7488 2 1 698 198
cam_07 7488 2 2 756 201
cam_07 7503 1 2 174 522
cam_07 7473 1 2 146 559
cam_07 7519 1 1 137 495
cam_07 7533 2 4 827 175
cam_07 7578 1 4 240 554
cam_07 7546 2 1 872 201
cam_07 7536 1 4 226 565
cam_07 7556 1 1 90 494
cam_07 7572 2 1 869 206
cam_07 7613 1 1 62 506
cam_07 7628 1 1 52 475
cam_07 7643 1 1 88 487
cam_07 7609 2 1 811 196
cam_07 7641 2 2 685 179
cam_07 7647 2 1 863 200
cam_07 7662 2 4 724 184
cam_07 7704 2 1 650 196
cam_07 7724 1 4 274 568
cam_07 7670 2 1 831 199
cam_07 7714 2 1 869 202
cam_07 7787 1 1 82 492
cam_07 7734 2 2 795 196
cam_07 7757 2 4 710 172
cam_07 7766 2 2 801 204
cam_07 7773 2 1 699 201
cam_07 7769 1 1 254 467
cam_07 7820 2 1 852 202
cam_07 7802 2 4 705 184
cam_07 7818 2 1 798 197
cam_07 8150 2 4 707 170
cam_07 7859 2 1 876 202
cam_07 8184 2 2 695 199
cam_07 7878 1 1 170 493
cam_07 7923 2 1 870 201
cam_07 8119 2 2 805 198
cam_07 7962 2 1 863 205
cam_07 7982 2 1 864 203
cam_07 7998 1 1 88 495
cam_07 8005 2 1 779 233
cam_07 8010 2 4 875 207
cam_07 8127 2 1 887 201
cam_07 8157 2 2 810 199
cam_07 8079 2 1 897 208
cam_07 8080 1 2 319 547
cam_07 8101 2 1 890 203
cam_07 8125 1 3 123 580
cam_07 8119 2 1 888 206
cam_07 8217 2 2 702 194
cam_07 8103 2 1 778 220
cam_07 8144 1 1 166 471
cam_07 8189 2 1 808 171
cam_07 8262 2 2 687 198
cam_07 8191 2 1 887 226
cam_07 8227 2 1 804 199
cam_07 8223 2 1 851 202
cam_07 8217 2 1 752 199
cam_07 8238 2 1 853 202
cam_07 8232 2 1 740 223
cam_07 8248 2 2 795 202
cam_07 8266 2 1 670 219
cam_07 8291 1 4 330 562
cam_07 8241 2 1 887 208
cam_07 8245 1 1 142 497
cam_07 8236 1 2 386 549
cam_07 8278 1 2 243 543
cam_07 8256 2 1 850 202
cam_07 8225 2 1 757 200
cam_07 8262 1 1 96 479
cam_07 8258 1 1 184 494
cam_07 8253 2 1 903 231
cam_07 8255 1 1 106 493
cam_07 8272 1 1 122 501
cam_07 8281 1 1 22 495
cam_07 8299 1 1 43 489
cam_07 8253 2 1 892 206
cam_07 8283 2 1 873 200
cam_07 8308 1 1 39 492
cam_07 8301 1 2 182 557
cam_07 8319 2 4 739 160
cam_07 8281 2 1 847 203
cam_07 8328 1 3 266 577
cam_07 8325 1 3 148 535
cam_07 8298 2 1 927 227
cam_07 8315 1 1 117 487
cam_07 8310 2 1 861 206
cam_07 8331 1 1 144 478
cam_07 8345 1 4 404 572
cam_07 8404 2 4 712 149
cam_07 8333 1 1 237 486
cam_07 8371 2 1 886 200
cam_07 8385 1 1 82 482
cam_07 8422 1 4 266 573
cam_07 8391 1 1 179 503
cam_07 8370 1 4 281 563
cam_07 8364 1 1 109 481
cam_07 8376 1 2 230 557
cam_07 8424 2 1 849 201
cam_07 8436 1 1 167 470
cam_07 8447 2 1 697 205
cam_07 8465 2 1 877 200
cam_07 8460 2 1 807 196
cam_07 8484 2 1 861 200
cam_07 8550 1 4 239 562
cam_07 8555 2 2 713 195
cam_07 8566 1 4 253 569
cam_07 8591 2 2 789 198
cam_07 8599 2 4 853 213
cam_07 8643 2 1 866 206
cam_07 8652 2 1 883 203
cam_07 8744 1 1 199 481
cam_07 8823 2 4 723 189
cam_07 8694 2 1 870 205
cam_07 8676 2 1 804 225
cam_07 8696 2 1 811 205
cam_07 8709 2 1 840 205
cam_07 8725 2 1 842 207
cam_07 8720 2 1 805 198
cam_07 8728 2 1 830 199
cam_07 8760 1 1 158 477
cam_07 8759 2 1 808 206
cam_07 8755 2 1 815 201
cam_07 8807 1 1 94 476
cam_07 8906 2 1 858 200
cam_07 8790 1 1 126 492
cam_07 8809 2 1 815 202
cam_07 9218 2 4 718 184
cam_07 8874 1 1 202 487
cam_07 8878 2 1 822 201
cam_07 8897 1 2 379 542
cam_07 8869 1 1 317 461
cam_07 8910 2 1 858 239
cam_07 8892 1 1 197 434
cam_07 9095 2 2 803 162
cam_07 8972 1 4 376 557
cam_07 8982 1 1 76 499
cam_07 9133 2 2 810 197
cam_07 8983 1 1 213 492
cam_07 8989 2 1 925 236
cam_07 9002 1 1 135 477
cam_07 8980 1 1 206 494
cam_07 9006 1 1 184 506
cam_07 8992 1 1 189 497
cam_07 8986 1 1 335 435
cam_07 9155 1 4 234 562
cam_07 9109 2 1 868 204
cam_07 9180 2 3 808 161
cam_07 9138 1 1 93 490
cam_07 9194 1 1 31 487
cam_07 9249 2 4 793 188
cam_07 9196 2 1 790 208
cam_07 9210 1 4 216 578
cam_07 9163 1 2 409 541
cam_07 9183 1 1 307 433
cam_07 9192 2 1 873 201
cam_07 9206 2 2 832 201
cam_07 9201 1 1 124 451
cam_07 9198 2 1 851 204
cam_07 9199 1 1 244 463
cam_07 9238 1 4 431 558
cam_07 9220 2 1 862 203
cam_07 9220 1 2 447 532
cam_07 9213 2 1 886 238
cam_07 9270 2 2 817 186
cam_07 9227 1 2 161 558
cam_07 9229 1 1 67 454
cam_07 9242 1 2 249 537
cam_07 9235 1 1 67 503
cam_07 9265 1 4 296 568
cam_07 9209 1 1 58 499
cam_07 9228 2 1 854 205
cam_07 9256 1 1 131 488
cam_07 9335 2 2 696 174
cam_07 9234 2 1 877 198
cam_07 9293 2 4 801 180
cam_07 9265 1 1 168 477
cam_07 9251 1 1 25 497
cam_07 9291 1 4 126 574
cam_07 9302 1 4 342 573
cam_07 9253 1 1 246 505
cam_07 9245 1 4 76 509
cam_07 9288 2 1 881 201
cam_07 9315 2 1 667 235
cam_07 9282 1 1 83 485
cam_07 9378 2 2 721 198
cam_07 9306 1 1 195 401
cam_07 9317 2 4 808 186
cam_07 9310 1 4 396 573
cam_07 9274 1 1 87 499
cam_07 9324 1 2 296 548
cam_07 9305 2 1 843 204
cam_07 9348 2 4 890 221
cam_07 9318 2 1 903 225
cam_07 9333 1 4 145 583
cam_07 9351 1 1 173 443
cam_07 9370 1 4 217 561
cam_07 9367 2 1 858 203
cam_07 9358 2 4 810 182
cam_07 9361 2 1 901 230
cam_07 9399 2 1 854 201
cam_07 9460 2 4 694 166
cam_07 9399 2 1 805 220
cam_07 9486 1 4 299 575
cam_07 9440 2 1 798 205
cam_07 9464 2 1 791 197
cam_07 9462 2 1 858 235
cam_07 9477 2 3 796 178
cam_07 9506 2 1 682 199
cam_07 9480 1 1 103 477
cam_07 9513 2 2 713 198
cam_07 9496 1 4 384 577
cam_07 9500 2 1 821 203
cam_07 9517 2 1 886 226
cam_07 9523 2 1 816 202
cam_07 9557 2 1 878 201
cam_07 9672 2 1 828 205
cam_07 9570 2 1 789 202
cam_07 9579 2 1 732 200
cam_07 9579 1 1 103 498
cam_07 9615 2 1 760 203
cam_07 9600 1 1 119 462
cam_07 9729 2 4 696 182
cam_07 9617 2 1 793 196
cam_07 9652 2 1 871 203
cam_07 9691 1 1 168 410
cam_07 9681 2 1 874 198
cam_07 9691 1 1 275 407
cam_07 9778 2 4 705 172
cam_07 9693 1 1 289 497
cam_07 9706 1 1 124 459
cam_07 9720 1 4 87 561
cam_07 9711 1 1 89 456
cam_07 9774 1 4 355 549
cam_07 9707 2 1 866 202
cam_07 9730 2 2 787 197
cam_07 9722 2 1 835 199
cam_07 9735 2 2 840 209
cam_07 9706 1 1 396 441
cam_07 9723 2 1 887 227
cam_07 9777 2 4 810 175
cam_07 9750 1 2 364 539
cam_07 9741 1 4 305 561
cam_07 9801 2 2 792 206
cam_07 9838 1 4 243 562
cam_07 9794 2 1 849 204
cam_07 9786 2 1 857 202
cam_07 9808 2 2 843 238
cam_07 9811 1 4 141 496
cam_07 9811 2 2 696 198
cam_07 9801 1 4 390 566
cam_07 9819 2 4 822 216
cam_07 9822 2 4 730 183
cam_07 9817 1 1 53 470
cam_07 9827 2 1 825 199
cam_07 9839 2 1 895 205
cam_07 9838 2 1 837 201
cam_07 9839 2 4 692 205
cam_07 9856 1 2 289 570
cam_07 9857 2 4 745 176
cam_07 9849 1 1 142 495
cam_07 9858 2 1 870 205
cam_07 9859 2 1 870 203
cam_07 9900 2 1 855 190
cam_07 9891 2 1 681 206
cam_07 9863 1 1 171 478
cam_07 9870 1 1 126 475
cam_07 9879 2 1 827 200
cam_07 9914 2 4 716 179
cam_07 9914 2 2 808 185
cam_07 9908 1 1 83 475
cam_07 9943 1 1 115 405
cam_07 9918 2 1 870 238
cam_07 9919 2 1 947 236
cam_07 9925 2 1 882 212
cam_07 9966 1 3 250 564
cam_07 9929 1 4 362 569
cam_07 9943 2 1 701 198
cam_07 9939 1 4 348 565
cam_07 9963 1 1 177 441
cam_07 9949 2 1 810 213
cam_07 9953 1 1 113 496
cam_07 9996 2 4 721 186
cam_07 9990 2 1 831 208
cam_07 10005 2 4 802 189
cam_07 10025 2 1 822 200
cam_07 10267 2 4 709 167
cam_07 10134 2 1 879 216
cam_07 10117 2 1 899 210
cam_07 10118 2 1 920 238
cam_07 10165 2 2 824 221
cam_07 10155 2 1 852 211
cam_07 10127 2 1 868 219
cam_07 10165 2 1 860 208
cam_07 10159 2 1 916 234
cam_07 10134 1 1 128 507
cam_07 10293 2 4 788 186
cam_07 10162 2 1 910 219
cam_07 10188 1 2 319 565
cam_07 10297 2 2 840 237
cam_07 10272 1 4 234 559
cam_07 10286 2 1 671 203
cam_07 10297 2 2 691 195
cam_07 10287 1 1 23 414
cam_07 10287 2 1 908 224
cam_07 10311 2 1 927 229
cam_07 10313 2 4 725 177
cam_07 10344 2 2 699 151
cam_07 10332 2 1 910 219
cam_07 10345 2 1 792 208
cam_07 10347 2 4 716 221
cam_07 10358 2 3 817 166
cam_07 10361 2 4 715 190
cam_07 10398 1 2 354 556
cam_07 10372 1 2 433 537
cam_07 10422 1 4 401 463
cam_07 10380 2 2 781 232
cam_07 10399 2 1 875 202
cam_07 10382 1 4 387 537
cam_07 10396 2 1 823 201
cam_07 10384 1 1 87 479
cam_07 10386 2 1 832 206
cam_07 10392 2 1 868 203
cam_07 10394 2 1 799 210
cam_07 10427 2 1 842 200
cam_07 10422 2 1 928 231
cam_07 10421 2 1 868 212
cam_07 10432 1 1 168 443
cam_07 10485 2 1 842 209
cam_07 10477 2 1 821 203
cam_07 10476 1 2 421 556
cam_07 10506 1 4 356 578
cam_07 10522 1 4 234 572
cam_07 10494 2 1 845 214
cam_07 10492 2 1 853 206
cam_07 10503 2 1 700 191
cam_07 10521 2 4 733 176
cam_07 10507 2 4 772 209
cam_07 10532 2 1 786 203
cam_07 10528 2 1 858 211
cam_07 10518 2 1 851 202
cam_07 10528 1 1 99 508
cam_07 10586 2 1 879 200
cam_07 10560 2 1 796 197
cam_07 10551 2 1 793 201
cam_07 10560 2 1 854 201
cam_07 10546 1 1 226 508
cam_07 10568 2 1 879 200
cam_07 10577 2 1 670 194
cam_07 10571 2 1 788 199
cam_07 10596 1 2 397 549
cam_07 10566 1 1 83 504
cam_07 10584 2 1 848 204
cam_07 10587 2 1 825 226
cam_07 10605 1 1 30 490
cam_07 10621 2 1 850 206
cam_07 10615 2 1 781 199
cam_07 10626 2 1 868 205
cam_07 10654 2 1 664 198
cam_07 10655 2 1 875 206
cam_07 10632 1 1 139 464
cam_07 10633 1 1 205 489
cam_07 10639 1 1 118 488
cam_07 10689 2 1 879 212
cam_07 10686 2 1 833 200
cam_07 10653 2 1 788 199
cam_07 10689 2 1 795 213
cam_07 10666 2 1 793 202
cam_07 10668 1 1 336 430
cam_07 10674 1 1 216 491
cam_07 10687 2 1 743 204
cam_07 10812 2 2 799 206
cam_07 10882 2 4 719 232
cam_07 10698 2 1 899 203
cam_07 10758 1 2 73 568
cam_07 10851 2 2 802 189
cam_07 10704 1 1 132 492
cam_07 10722 1 1 124 493
cam_07 10716 1 1 56 483
cam_07 10871 2 2 803 201
cam_07 10783 2 1 936 232
cam_07 10795 2 1 930 229
cam_07 10913 2 2 800 195
cam_07 10838 1 1 34 510
cam_07 10845 1 1 133 444
cam_07 10840 2 1 899 238
cam_07 10880 1 1 142 497
cam_07 10907 1 2 205 576
cam_07 10854 1 1 391 424
cam_07 10857 2 1 880 208
cam_07 10857 1 1 315 444
cam_07 10863 1 2 468 525
cam_07 10893 1 2 432 529
cam_07 10883 1 1 188 475
cam_07 10901 1 1 66 494
cam_07 10933 1 2 457 535
cam_07 10894 2 1 869 202
cam_07 10948 1 4 299 572
cam_07 10919 1 2 433 514
cam_07 10949 2 4 706 206
cam_07 10962 2 2 807 198
cam_07 10916 2 1 859 202
cam_07 10958 1 4 397 570
cam_07 10928 2 1 874 201
cam_07 10950 1 1 53 466
cam_07 10994 1 4 251 566
cam_07 10971 1 2 170 533
cam_07 10991 2 4 809 181
cam_07 10981 1 1 89 439
cam_07 10981 2 1 936 238
cam_07 11009 2 1 847 201
cam_07 11010 2 2 795 202
cam_07 10975 1 1 98 465
cam_07 11010 1 4 252 560
cam_07 11005 2 1 889 205
cam_07 11018 2 1 882 204
cam_07 11030 2 1 832 203
cam_07 11045 1 4 333 573
cam_07 11034 2 1 894 222
cam_07 11018 1 4 227 555
cam_07 11093 2 1 868 198
cam_07 11042 1 4 127 552
cam_07 11076 2 1 848 203
cam_07 11139 2 2 695 160
cam_07 11122 2 1 852 202
cam_07 11124 2 1 881 211
cam_07 11132 2 2 793 198
cam_07 11115 1 1 166 442
cam_07 11146 2 1 818 198
cam_07 11160 1 4 252 552
cam_07 11181 2 2 688 211
cam_07 11184 2 2 796 155
cam_07 11176 1 4 366 578
cam_07 11218 2 4 683 183
cam_07 11163 1 1 130 460
cam_07 11178 1 1 164 488
cam_07 11199 2 2 810 205
cam_07 11218 2 2 782 197
cam_07 11213 1 1 146 476
cam_07 11217 2 1 852 204
cam_07 11227 2 1 851 198
cam_07 11234 2 1 853 208
cam_07 11258 2 2 812 203
cam_07 11244 2 1 834 201
cam_07 11522 1 1 73 486
cam_07 11298 2 2 803 173
cam_07 11316 2 1 799 201
cam_07 11322 2 1 824 204
cam_07 11367 1 1 54 490
cam_07 11334 2 1 892 224
cam_07 11364 2 4 681 156
cam_07 11357 2 4 789 171
cam_07 11382 2 1 676 206
cam_07 11364 2 1 864 208
cam_07 11370 2 1 810 209
cam_07 11422 2 1 876 201
cam_07 11461 2 1 845 202
cam_07 11440 2 1 841 200
cam_07 11493 2 4 719 195
cam_07 11475 2 1 800 201
cam_07 11476 2 1 902 235
cam_07 11482 2 1 841 224
cam_07 11491 2 1 864 200
cam_07 11530 1 1 136 488
cam_07 11489 1 1 174 476
cam_07 11501 1 1 186 474
cam_07 11494 1 1 71 494
cam_07 11529 1 1 260 471
cam_07 11578 2 2 805 226
cam_07 11565 2 1 851 206
cam_07 11550 1 1 80 483
cam_07 11562 1 1 186 416
cam_07 11626 1 1 166 474
cam_07 11606 1 1 361 502
cam_07 11628 1 1 75 493
cam_07 11619 1 1 22 487
cam_07 11666 1 4 102 564
cam_07 11611 2 1 836 207
cam_07 11607 1 1 166 495
cam_07 11611 1 2 498 423
cam_07 11608 1 1 52 491
cam_07 11620 2 4 795 184
cam_07 11631 2 1 825 199
cam_07 11644 1 1 186 402
cam_07 11646 2 4 772 182
cam_07 11652 1 1 180 478
cam_07 11655 2 4 731 236
cam_07 11658 2 1 820 213
cam_07 11683 2 1 826 224
cam_07 11745 2 1 867 199
cam_07 11685 2 1 833 216
cam_07 11696 2 1 830 197
cam_07 11692 1 1 145 478
cam_07 11701 2 1 782 208
cam_07 11723 2 1 832 208
cam_07 11715 2 1 810 203
cam_07 11727 2 3 755 196
cam_07 11727 2 1 899 202
cam_07 11737 1 2 237 530
cam_07 11846 2 4 815 181
cam_07 11754 2 1 879 217
cam_07 11776 1 1 233 458
cam_07 11786 1 1 120 473
cam_07 11792 1 1 280 483
cam_07 11808 1 4 361 573
cam_07 11847 1 4 365 477
cam_07 11856 2 2 813 214
cam_07 11844 2 1 880 208
cam_07 11847 2 1 911 222
cam_07 11832 1 2 90 524
cam_07 11847 2 1 892 212
cam_07 11898 2 4 755 155
cam_07 11865 1 1 131 473
cam_07 11886 1 2 307 429
cam_07 11878 1 1 120 487
cam_07 11885 1 1 66 501
cam_07 11912 2 4 835 187
cam_07 11888 1 4 295 557
cam_07 11920 2 4 683 185
cam_07 11938 1 4 299 588
cam_07 11944 2 2 797 202
cam_07 11928 1 1 401 412
cam_07 11976 1 4 360 546
cam_07 11973 2 2 749 205
cam_07 11943 1 4 246 568
cam_07 11961 2 1 902 209
cam_07 11977 2 1 848 227
cam_07 11958 1 1 203 411
cam_07 11970 2 1 939 226
cam_07 11970 2 1 806 196
cam_07 11997 2 4 706 186
cam_07 11995 2 1 865 225
cam_07 11993 2 1 854 204
cam_07 11995 2 1 807 212
cam_07 12012 2 3 727 216
cam_07 12021 2 4 703 178
cam_07 12031 1 2 472 460
cam_07 12106 2 2 737 219
cam_07 12046 2 1 865 200
cam_07 12042 1 1 123 460
cam_07 12093 2 1 904 207
cam_07 12070 2 1 919 229
cam_07 12060 1 1 276 432
cam_07 12105 2 3 820 223
cam_07 12144 2 1 717 197
cam_07 12092 2 1 855 205
cam_07 12105 2 1 864 203
cam_07 12112 2 1 851 207
cam_07 12168 2 4 710 177
cam_07 12166 2 1 886 198
cam_07 12154 1 1 208 500
cam_07 12163 1 1 326 441
cam_07 12149 1 1 85 501
cam_07 12152 2 1 850 202
cam_07 12166 1 1 169 451
cam_07 12170 2 1 821 206
cam_07 12164 1 1 293 487
cam_07 12181 1 1 271 476
cam_07 12220 1 4 270 550
cam_07 12181 2 1 883 227
cam_07 12184 1 1 188 403
cam_07 12199 2 4 786 158
cam_07 12202 2 1 882 207
cam_07 12248 1 2 367 563
cam_07 12196 2 1 885 231
cam_07 12229 1 1 143 435
cam_07 12203 2 1 902 210
cam_07 12204 2 1 877 204
cam_07 12232 1 2 153 553
cam_07 12216 2 1 861 200
cam_07 12230 1 1 98 477
cam_07 12277 1 4 268 498
cam_07 12209 2 1 889 202
cam_07 12239 1 1 80 476
cam_07 12274 1 2 149 515
cam_07 12266 2 1 794 158
cam_07 12256 2 4 810 188
cam_07 12281 2 1 855 218
cam_07 12288 2 4 732 194
cam_07 12294 1 2 227 562
cam_07 12283 2 1 903 228
cam_07 12315 2 1 820 204
cam_07 12336 2 4 723 190
cam_07 12342 2 1 742 236
cam_07 12348 2 1 823 209
cam_07 12378 2 1 821 196
cam_07 12379 1 1 230 431
cam_07 12377 1 2 424 561
cam_07 12363 2 1 799 211
cam_07 12405 2 1 853 231
cam_07 12390 2 1 731 203
cam_07 12403 2 1 895 211
cam_07 12405 2 1 906 220
cam_07 12402 2 1 842 200
cam_07 12606 2 4 833 169
cam_07 12490 1 3 134 570
cam_07 12435 1 1 134 439
cam_07 12517 1 1 154 411
cam_07 12545 1 2 211 532
cam_07 12495 1 1 115 478
cam_07 12501 1 1 238 487
cam_07 12521 1 1 60 490
cam_07 12556 1 1 183 464
cam_07 12600 1 4 315 457
cam_07 12586 1 1 341 409
cam_07 12606 2 4 704 175
cam_07 12593 2 4 766 162
cam_07 12604 1 4 53 492
cam_07 12598 1 1 122 463
cam_07 12632 1 4 376 558
cam_07 12612 2 1 859 206
cam_07 12636 2 2 705 196
cam_07 12652 2 1 755 206
cam_07 12636 2 2 806 198
cam_07 12633 1 4 219 507
cam_07 12655 2 2 833 212
cam_07 12633 1 4 291 429
cam_07 12642 2 1 860 203
cam_07 12669 2 1 866 216
cam_07 12671 2 1 793 206
cam_07 12682 2 1 870 236
cam_07 12693 2 1 862 205
cam_07 12706 1 1 45 494
cam_07 12739 2 1 714 202
cam_07 12767 2 1 661 193
cam_07 12769 1 1 312 502
cam_07 12768 1 1 196 484
cam_07 12755 2 1 833 203
cam_07 12786 2 4 725 178
cam_07 12811 1 1 190 444
cam_07 12801 1 1 136 488
cam_07 12795 1 1 286 475
cam_07 12810 1 4 392 567
cam_07 12795 1 1 99 478
cam_07 12806 2 1 701 209
cam_07 12817 2 1 826 203
cam_07 12825 1 1 123 454
cam_07 12852 1 1 152 402
cam_07 12867 2 1 840 199
cam_07 12961 2 1 905 210
cam_07 12846 2 1 812 203
cam_07 12854 2 1 813 202
cam_07 12891 2 1 903 225
cam_07 12857 1 1 38 494
cam_07 12868 2 1 855 228
cam_07 12963 2 1 866 202
cam_07 12875 1 1 118 497
cam_07 12967 2 1 829 209
cam_07 13021 2 2 726 205
cam_07 12900 2 1 766 197
cam_07 12946 2 1 805 206
cam_07 12949 2 1 814 217
cam_07 12956 2 1 796 209
cam_07 12981 2 4 812 187
cam_07 12984 1 1 55 497
cam_07 12966 1 1 67 436
cam_07 12956 1 1 155 487
cam_07 13000 2 1 877 204
cam_07 13045 2 2 715 191
cam_07 13012 2 2 804 202
cam_07 13014 2 1 905 209
cam_07 13017 2 1 941 226
cam_07 13041 1 1 74 497
cam_07 13019 1 4 144 566
cam_07 13026 2 1 880 207
cam_07 13020 1 1 410 465
cam_07 13031 2 1 848 210
cam_07 13070 2 4 718 180
cam_07 13057 1 1 305 425
cam_07 13098 2 4 702 175
cam_07 13047 1 1 218 459
cam_07 13075 2 2 819 167
cam_07 13093 1 4 237 530
cam_07 13133 2 2 720 186
cam_07 13096 2 1 898 207
cam_07 13119 1 3 299 567
cam_07 13094 2 4 803 187
cam_07 13099 2 1 885 222
cam_07 13237 2 3 707 179
cam_07 13101 2 1 855 204
cam_07 13144 1 4 244 569
cam_07 13124 2 1 864 204
cam_07 13112 2 1 863 204
cam_07 13137 2 2 869 223
cam_07 13177 1 4 232 579
cam_07 13134 1 1 136 500
cam_07 13145 2 1 858 203
cam_07 13160 2 1 798 205
cam_07 13215 1 4 184 554
cam_07 13174 2 1 859 202
cam_07 13188 2 1 847 231
cam_07 13190 2 1 818 194
cam_07 13221 2 1 829 202
cam_07 13209 2 1 884 204
cam_07 13208 2 1 841 203
cam_07 13243 2 1 774 211
cam_07 13227 2 1 875 201
cam_07 13262 2 1 866 199
cam_07 13262 2 1 811 197
cam_07 13290 2 1 697 194
cam_07 13305 2 1 803 202
cam_07 13289 1 1 135 499
cam_07 13298 2 1 815 201
cam_07 13332 2 1 714 206
cam_07 13447 2 1 728 236
cam_07 13343 2 1 865 213
cam_07 13351 2 1 817 203
cam_07 13386 2 1 850 201
cam_07 13353 2 1 807 225
cam_07 13372 2 1 782 198
cam_07 13375 1 1 98 496
cam_07 13493 2 1 824 196
cam_07 13412 2 1 864 202
cam_07 13425 2 1 892 225
cam_07 13500 2 3 741 218
cam_07 13497 2 1 870 203
