cam_19 10 2 1 795 222
cam_19 17 1 1 6 402
cam_19 43 2 1 802 241
cam_19 61 2 1 827 249
cam_19 50 1 1 307 336
cam_19 51 1 1 345 318
cam_19 69 1 1 198 342
cam_19 73 2 1 796 228
cam_19 84 2 1 792 213
cam_19 81 2 1 828 246
cam_19 111 2 1 828 226
cam_19 124 1 1 112 399
cam_19 129 1 1 280 405
cam_19 129 2 1 808 240
cam_19 145 2 1 826 211
cam_19 148 2 1 845 234
cam_19 157 2 1 824 193
cam_19 181 2 1 838 206
cam_19 193 1 1 90 401
cam_19 216 1 4 273 390
cam_19 245 1 4 6 575
cam_19 305 1 1 180 361
cam_19 328 2 1 844 200
cam_19 327 2 1 801 199
cam_19 346 2 1 821 205
cam_19 355 2 1 806 191
cam_19 344 1 1 239 320
cam_19 352 1 1 94 425
cam_19 369 1 2 106 494
cam_19 364 2 1 785 216
cam_19 411 2 1 847 192
cam_19 468 2 1 853 220
cam_19 490 2 1 837 209
cam_19 505 2 1 833 204
cam_19 505 2 1 755 196
cam_19 511 2 1 811 230
cam_19 523 2 1 842 236
cam_19 558 2 1 821 224
cam_19 560 2 1 787 186
cam_19 621 2 1 753 192
cam_19 631 2 1 807 215
cam_19 653 1 1 261 370
cam_19 662 1 1 324 335
cam_19 669 2 1 809 205
cam_19 684 2 1 842 231
cam_19 691 2 1 806 199
cam_19 781 2 1 844 219
cam_19 787 2 1 830 237
cam_19 793 2 1 826 226
cam_19 850 1 4 98 402
cam_19 828 2 1 848 236
cam_19 844 2 1 858 225
cam_19 837 2 1 830 193
cam_19 859 2 1 821 205
cam_19 876 2 1 862 198
cam_19 875 2 1 803 183
cam_19 888 2 1 849 221
cam_19 895 1 1 222 359
cam_19 901 2 1 856 204
cam_19 911 1 1 130 394
cam_19 914 1 1 152 477
cam_19 921 1 2 201 490
cam_19 931 1 1 183 424
cam_19 937 1 1 134 421
cam_19 943 1 1 178 406
cam_19 945 2 1 827 211
cam_19 949 2 1 843 241
cam_19 955 2 1 830 227
cam_19 954 1 1 298 421
cam_19 951 1 1 222 343
cam_19 969 2 1 844 217
cam_19 969 2 1 796 202
cam_19 987 2 1 856 204
cam_19 971 1 1 340 373
cam_19 984 1 1 248 360
cam_19 994 2 1 851 224
cam_19 995 1 1 89 479
cam_19 1001 1 1 269 333
cam_19 1017 2 1 860 226
cam_19 1019 1 1 37 384
cam_19 1023 2 1 840 236
cam_19 1033 2 1 840 244
cam_19 1042 2 1 832 209
cam_19 1054 2 1 853 214
cam_19 1057 2 1 818 197
cam_19 1051 1 1 -78 388
cam_19 1057 2 1 842 238
cam_19 1066 1 2 71 433
cam_19 1069 1 1 198 417
cam_19 1084 2 1 839 222
cam_19 1095 2 1 857 216
cam_19 1092 1 1 210 373
cam_19 1117 2 1 829 227
cam_19 1129 1 1 279 351
cam_19 1165 1 1 114 389
cam_19 1171 2 1 842 251
cam_19 1178 1 1 399 378
cam_19 1193 1 1 340 322
cam_19 1210 1 1 259 369
cam_19 1227 2 1 845 216
cam_19 1256 1 2 -90 649
cam_19 1240 2 1 846 235
cam_19 1277 1 1 317 311
cam_19 1290 1 1 224 367
cam_19 1347 2 1 848 222
cam_19 1359 2 1 824 235
cam_19 1370 1 2 -52 617
cam_19 1365 2 1 799 231
cam_19 1380 2 1 812 191
cam_19 1383 2 1 804 202
cam_19 1404 2 1 835 209
cam_19 1423 2 1 826 208
cam_19 1439 1 1 287 409
cam_19 1436 1 1 370 356
cam_19 1446 1 1 148 383
cam_19 1484 1 2 -42 638
cam_19 1471 2 1 830 226
cam_19 1483 2 1 818 199
cam_19 1528 2 1 828 210
cam_19 1527 1 1 262 371
cam_19 1540 1 1 273 376
cam_19 1560 2 1 849 220
cam_19 1570 1 1 110 371
cam_19 1597 1 1 177 455
cam_19 1603 2 1 833 224
cam_19 1620 2 1 848 206
cam_19 1613 1 1 17 437
cam_19 1624 2 1 841 229
cam_19 1623 1 2 257 358
cam_19 1627 2 1 808 193
cam_19 1636 2 1 807 202
cam_19 1628 1 1 328 341
cam_19 1638 2 1 857 212
cam_19 1660 1 2 -9 547
cam_19 1648 2 1 812 219
cam_19 1669 2 1 840 222
cam_19 1664 1 2 236 297
cam_19 1675 2 1 797 191
cam_19 1687 2 1 797 204
cam_19 1695 2 1 829 231
cam_19 1704 2 1 822 227
cam_19 1752 2 1 833 198
cam_19 1795 2 1 842 201
cam_19 1797 2 1 799 194
cam_19 1813 2 1 822 218
cam_19 1818 1 1 186 363
cam_19 1843 2 1 830 203
cam_19 1894 2 1 855 202
cam_19 1925 2 1 856 199
cam_19 1924 2 1 808 187
cam_19 1906 2 1 795 204
cam_19 1935 2 1 798 184
cam_19 1948 2 1 826 212
cam_19 1978 1 2 -36 600
cam_19 2010 2 1 834 193
cam_19 2056 2 1 844 197
cam_19 2053 1 1 171 373
cam_19 2069 2 1 857 198
cam_19 2066 2 1 807 187
cam_19 2071 2 1 783 175
cam_19 2074 2 1 857 228
cam_19 2088 2 1 797 186
cam_19 2097 1 1 240 340
cam_19 2140 2 1 857 222
cam_19 2153 1 1 293 264
cam_19 2188 1 1 40 476
cam_19 2190 2 1 835 210
cam_19 2199 2 1 848 209
cam_19 2208 2 1 828 193
cam_19 2212 2 1 839 219
cam_19 2217 1 1 106 418
cam_19 2234 2 1 832 196
cam_19 2246 1 1 265 328
cam_19 2265 2 1 810 229
cam_19 2278 2 1 806 208
cam_19 2281 1 1 345 359
cam_19 2305 1 1 246 341
cam_19 2331 2 1 841 205
cam_19 2359 2 1 840 223
cam_19 2368 2 1 834 209
cam_19 2383 2 1 828 236
cam_19 2388 2 1 798 216
cam_19 2402 1 1 256 363
cam_19 2407 1 1 310 393
cam_19 2415 1 1 174 378
cam_19 2420 1 1 217 350
cam_19 2431 2 1 805 219
cam_19 2431 1 1 135 411
cam_19 2440 2 1 784 202
cam_19 2446 2 1 859 215
cam_19 2468 1 1 317 354
cam_19 2503 1 1 123 399
cam_19 2520 1 1 213 314
cam_19 2502 2 1 814 222
cam_19 2528 1 1 2 408
cam_19 2530 2 1 836 200
cam_19 2540 1 1 183 374
cam_19 2557 2 1 808 228
cam_19 2558 1 1 37 419
cam_19 2603 2 1 750 215
cam_19 2623 2 1 823 220
cam_19 2622 2 1 852 237
cam_19 2629 2 1 794 210
cam_19 2677 2 1 835 216
cam_19 2674 1 1 215 386
cam_19 2692 2 1 836 208
cam_19 2692 2 1 794 197
cam_19 2713 2 1 842 232
cam_19 2716 2 1 798 208
cam_19 2724 2 1 844 223
cam_19 2730 2 1 815 217
cam_19 2737 2 1 798 197
cam_19 2739 2 1 848 231
cam_19 2741 1 1 259 337
cam_19 2766 2 1 821 208
cam_19 2767 2 1 775 233
cam_19 2782 2 1 837 206
cam_19 2802 1 1 227 343
cam_19 2830 2 1 847 209
cam_19 2839 2 1 852 228
cam_19 2844 2 1 805 194
cam_19 2860 2 1 837 247
cam_19 2892 2 1 840 200
cam_19 2895 2 1 817 203
cam_19 2901 2 1 853 207
cam_19 2904 1 2 151 486
cam_19 2920 2 1 841 195
cam_19 2948 1 1 236 344
cam_19 2955 2 1 847 213
cam_19 2957 1 1 303 350
cam_19 2991 2 1 837 196
cam_19 2994 1 1 152 351
cam_19 3007 2 1 819 197
cam_19 3012 2 1 790 216
cam_19 3041 1 1 -26 431
cam_19 3036 2 1 836 208
cam_19 3048 1 1 252 379
cam_19 3054 2 1 834 247
cam_19 3049 2 1 819 225
cam_19 3089 1 2 216 320
cam_19 3088 2 1 847 214
cam_19 3084 2 1 790 206
cam_19 3178 2 1 836 232
cam_19 3196 1 1 268 316
cam_19 3211 2 1 831 219
cam_19 3215 1 1 171 373
cam_19 3234 2 1 840 200
cam_19 3223 2 1 760 210
cam_19 3232 2 1 802 211
cam_19 3246 1 1 191 368
cam_19 3251 1 1 301 360
cam_19 3262 2 1 850 205
cam_19 3267 1 1 208 313
cam_19 3280 2 1 838 200
cam_19 3291 1 1 169 367
cam_19 3330 2 1 856 204
cam_19 3304 2 1 838 199
cam_19 3306 2 1 812 208
cam_19 3316 2 1 813 204
cam_19 3332 1 1 182 336
cam_19 3343 2 1 819 233
cam_19 3347 1 1 230 360
cam_19 3421 2 1 830 224
cam_19 3451 2 1 832 244
cam_19 3486 1 1 185 385
cam_19 3501 2 1 848 225
cam_19 3502 1 2 242 419
cam_19 3511 2 4 818 211
cam_19 3519 2 1 777 217
cam_19 3531 2 1 836 202
cam_19 3525 1 1 170 349
cam_19 3548 1 1 189 342
cam_19 3590 1 1 260 350
cam_19 3598 2 1 819 185
cam_19 3634 2 1 851 213
cam_19 3628 2 1 828 191
cam_19 3634 1 1 180 352
cam_19 3637 1 1 304 331
cam_19 3634 2 1 789 187
cam_19 3731 1 1 180 368
cam_19 3730 2 1 850 209
cam_19 3807 2 1 834 224
cam_19 3825 2 1 790 180
cam_19 3839 1 1 292 315
cam_19 3847 2 1 832 229
cam_19 3867 2 1 821 240
cam_19 3882 2 1 781 196
cam_19 3892 2 1 818 211
cam_19 3885 2 1 780 191
cam_19 3906 2 1 849 217
cam_19 3903 1 1 219 351
cam_19 3906 2 1 803 226
cam_19 3907 2 1 799 182
cam_19 3925 2 1 816 231
cam_19 3943 2 1 822 213
cam_19 3966 2 1 857 221
cam_19 3993 2 1 819 230
cam_19 4023 2 1 824 224
cam_19 4028 1 1 -52 437
cam_19 4029 2 1 772 211
cam_19 4035 2 1 828 228
cam_19 4053 2 1 811 207
cam_19 4094 1 1 65 454
cam_19 4105 1 1 272 319
cam_19 4114 1 1 322 320
cam_19 4126 1 1 239 359
cam_19 4132 1 1 302 362
cam_19 4130 1 1 359 335
cam_19 4147 2 1 832 215
cam_19 4160 1 1 216 323
cam_19 4174 2 1 833 229
cam_19 4194 2 1 813 226
cam_19 4191 1 1 250 325
cam_19 4222 2 1 833 239
cam_19 4220 1 1 273 346
cam_19 4232 1 1 211 341
cam_19 4259 1 2 -11 520
cam_19 4269 1 1 185 378
cam_19 4278 2 1 806 187
cam_19 4304 2 1 789 212
cam_19 4314 2 1 811 239
cam_19 4327 1 1 25 442
cam_19 4353 1 1 228 345
cam_19 4366 1 1 27 451
cam_19 4388 1 2 51 483
cam_19 4408 1 1 161 367
cam_19 4425 1 2 102 492
cam_19 4413 2 1 851 244
cam_19 4450 1 1 223 357
cam_19 4444 2 1 813 217
cam_19 4465 2 1 841 242
cam_19 4486 2 1 855 205
cam_19 4495 2 1 841 221
cam_19 4498 2 1 802 217
cam_19 4531 2 1 853 196
cam_19 4510 2 1 770 222
cam_19 4576 1 1 175 359
cam_19 4546 2 1 833 227
cam_19 4588 1 1 170 406
cam_19 4598 1 1 328 329
cam_19 4600 1 1 92 396
cam_19 4623 2 1 852 197
cam_19 4624 2 1 824 182
cam_19 4635 2 1 826 193
cam_19 4633 1 1 162 351
cam_19 4651 2 1 811 226
cam_19 4646 1 1 -53 476
cam_19 4681 2 1 820 216
cam_19 4693 2 1 810 215
cam_19 4702 2 1 803 207
cam_19 4707 2 1 791 192
cam_19 4713 2 1 833 229
cam_19 4750 2 1 828 226
cam_19 4748 1 1 251 326
cam_19 4762 2 1 802 210
cam_19 4774 1 1 109 412
cam_19 4790 1 1 197 368
cam_19 4803 2 1 835 230
cam_19 4852 1 1 465 413
cam_19 4845 2 1 835 222
cam_19 4852 1 1 321 358
cam_19 4882 1 1 253 328
cam_19 4886 1 1 345 353
cam_19 4891 2 1 818 219
cam_19 4927 2 1 841 224
cam_19 4911 1 1 221 353
cam_19 4931 1 1 294 341
cam_19 4947 1 1 174 326
cam_19 4944 2 1 816 201
cam_19 4954 1 1 133 388
cam_19 4964 1 1 -5 422
cam_19 4969 1 1 111 409
cam_19 4981 2 1 835 243
cam_19 4974 2 1 817 223
cam_19 4989 2 1 816 221
cam_19 4996 2 1 816 215
cam_19 4988 1 1 224 373
cam_19 5004 2 1 804 193
cam_19 5015 1 2 205 456
cam_19 5034 2 1 858 201
cam_19 5029 1 1 113 455
cam_19 5041 2 1 851 211
cam_19 5041 2 1 787 205
cam_19 5046 1 1 188 361
cam_19 5073 2 1 874 248
cam_19 5097 2 1 872 236
cam_19 5069 1 1 113 416
cam_19 5118 2 1 831 199
cam_19 5109 2 1 781 187
cam_19 5122 2 1 798 221
cam_19 5152 1 1 149 357
cam_19 5179 2 1 824 218
cam_19 5179 2 1 782 194
cam_19 5196 2 1 838 232
cam_19 5218 2 1 840 199
cam_19 5245 2 2 804 192
cam_19 5245 2 1 850 228
cam_19 5255 1 1 221 377
cam_19 5259 2 1 816 196
cam_19 5265 2 1 854 220
cam_19 5274 2 1 824 236
cam_19 5259 2 1 749 206
cam_19 5267 1 1 189 375
cam_19 5280 2 1 817 243
cam_19 5292 2 1 802 209
cam_19 5301 2 1 838 218
cam_19 5302 2 1 783 210
cam_19 5310 2 1 842 240
cam_19 5326 2 1 835 206
cam_19 5338 2 1 830 241
cam_19 5349 1 2 114 475
cam_19 5406 2 1 833 204
cam_19 5423 1 1 271 320
cam_19 5487 2 1 845 235
cam_19 5482 1 1 168 410
cam_19 5505 2 1 850 217
cam_19 5503 1 1 319 382
cam_19 5553 2 1 823 242
cam_19 5598 2 1 847 243
cam_19 5608 2 1 835 251
cam_19 5635 2 1 836 238
cam_19 5633 1 1 285 387
cam_19 5642 1 1 145 392
cam_19 5649 2 1 837 230
cam_19 5651 1 1 241 324
cam_19 5682 2 2 829 210
cam_19 5686 2 1 858 213
cam_19 5693 1 1 277 306
cam_19 5711 1 1 284 380
cam_19 5734 1 1 46 396
cam_19 5751 1 2 211 364
cam_19 5749 1 1 280 319
cam_19 5766 2 1 856 227
cam_19 5806 1 1 30 463
cam_19 5812 1 1 69 455
cam_19 5822 2 1 842 194
cam_19 5817 2 1 786 191
cam_19 5824 2 1 815 201
cam_19 5854 1 1 152 363
cam_19 5858 1 1 306 325
cam_19 5859 2 1 824 208
cam_19 5867 1 1 212 405
cam_19 5878 2 1 853 207
cam_19 5880 2 1 829 224
cam_19 5896 2 1 827 217
cam_19 5892 2 1 850 226
cam_19 5886 2 1 786 222
cam_19 5902 2 1 773 192
cam_19 5920 2 1 828 208
cam_19 5928 2 1 794 212
cam_19 5908 2 1 818 226
cam_19 5980 2 1 835 224
cam_19 5989 1 1 265 337
cam_19 5998 2 1 778 228
cam_19 6013 2 1 840 229
cam_19 6021 2 1 821 218
cam_19 6038 1 1 230 291
cam_19 6064 1 2 -31 640
cam_19 6073 1 1 90 384
cam_19 6103 2 1 837 219
cam_19 6141 2 1 840 243
cam_19 6138 1 2 207 364
cam_19 6144 1 1 244 276
cam_19 6151 2 1 793 199
cam_19 6159 2 1 833 229
cam_19 6175 2 1 799 227
cam_19 6202 1 1 -82 474
cam_19 6214 2 1 850 220
cam_19 6220 2 1 838 235
cam_19 6238 1 1 62 401
cam_19 6292 1 2 -55 715
cam_19 6283 1 1 63 385
cam_19 6287 2 1 850 200
cam_19 6294 2 1 844 204
cam_19 6330 2 1 835 206
cam_19 6349 2 1 820 202
cam_19 6370 2 1 838 243
cam_19 6382 2 1 822 209
cam_19 6388 2 1 797 227
cam_19 6397 2 1 809 215
cam_19 6409 1 2 -115 639
cam_19 6420 2 1 843 209
cam_19 6429 2 1 844 233
cam_19 6434 1 1 357 333
cam_19 6450 2 1 783 219
cam_19 6463 2 1 852 231
cam_19 6464 1 1 -6 462
cam_19 6472 1 2 131 342
cam_19 6482 1 1 226 328
cam_19 6489 1 1 201 384
cam_19 6541 1 2 -46 626
cam_19 6596 1 1 109 409
cam_19 6622 2 1 840 240
cam_19 6625 2 1 785 235
cam_19 6675 2 1 837 241
cam_19 6673 1 1 243 353
cam_19 6679 2 1 776 209
cam_19 6705 2 1 813 227
cam_19 6705 1 1 174 365
cam_19 6717 1 1 223 299
cam_19 6741 1 1 267 377
cam_19 6759 2 1 800 233
cam_19 6768 1 1 280 332
cam_19 6799 1 1 278 327
cam_19 6805 1 1 232 330
cam_19 6846 1 1 216 391
cam_19 6841 1 1 124 379
cam_19 6862 1 1 279 336
cam_19 6869 1 1 253 385
cam_19 6880 1 1 78 480
cam_19 6908 1 1 225 344
cam_19 7046 1 1 241 320
cam_19 7054 2 1 795 223
cam_19 7052 1 1 230 375
cam_19 7057 2 1 746 190
cam_19 7065 2 1 736 199
cam_19 7075 2 1 805 221
cam_19 7081 2 1 790 232
cam_19 7096 2 1 811 213
cam_19 7105 2 1 824 246
cam_19 7121 1 1 190 339
cam_19 7126 1 2 206 386
cam_19 7146 2 1 839 224
cam_19 7164 2 1 821 244
cam_19 7174 2 1 813 233
cam_19 7188 2 1 818 233
cam_19 7242 1 1 -105 457
cam_19 7252 2 1 832 237
cam_19 7280 1 1 184 371
cam_19 7286 1 1 301 315
cam_19 7309 1 1 133 411
cam_19 7320 2 1 779 213
cam_19 7327 1 1 338 351
cam_19 7332 2 1 764 219
cam_19 7359 1 1 212 391
cam_19 7381 1 1 59 409
cam_19 7392 1 2 197 557
cam_19 7407 1 1 155 376
cam_19 7435 1 1 160 346
cam_19 7441 2 1 840 226
cam_19 7443 2 1 828 187
cam_19 7444 1 2 324 429
cam_19 7464 2 1 802 221
cam_19 7560 2 1 835 223
cam_19 7555 1 1 127 384
cam_19 7582 2 1 848 221
cam_19 7618 2 1 855 231
cam_19 7645 1 1 363 317
cam_19 7648 1 1 164 416
cam_19 7660 1 1 71 406
cam_19 7660 2 1 840 218
cam_19 7668 1 1 193 350
cam_19 7669 2 1 812 218
cam_19 7672 1 1 32 515
cam_19 7684 1 1 111 337
cam_19 7747 2 1 782 217
cam_19 7782 2 1 825 195
cam_19 7779 2 1 857 217
cam_19 7775 1 1 288 327
cam_19 7833 2 1 819 209
cam_19 7836 2 1 793 234
cam_19 7866 1 1 -27 451
cam_19 7891 2 1 843 206
cam_19 7924 1 2 186 383
cam_19 7944 2 1 833 214
cam_19 7972 2 1 833 220
cam_19 8016 2 1 827 248
cam_19 8034 2 1 804 205
cam_19 8056 1 1 5 469
cam_19 8071 1 1 281 308
cam_19 8079 2 1 819 225
cam_19 8079 2 1 783 189
cam_19 8095 1 1 -11 465
cam_19 8095 2 1 831 245
cam_19 8104 1 1 247 385
cam_19 8119 2 1 826 228
cam_19 8127 1 1 164 367
cam_19 8131 1 1 99 404
cam_19 8144 1 1 263 333
cam_19 8152 1 1 50 480
cam_19 8157 2 1 846 205
cam_19 8188 1 1 185 383
cam_19 8194 2 1 844 223
cam_19 8206 1 2 63 642
cam_19 8202 2 1 840 217
cam_19 8259 1 1 225 363
cam_19 8313 2 1 859 214
cam_19 8318 1 1 168 409
cam_19 8367 2 1 841 193
cam_19 8374 2 1 824 226
cam_19 8385 2 1 837 227
cam_19 8400 2 1 831 242
cam_19 8409 2 1 842 243
cam_19 8421 2 1 823 237
cam_19 8448 2 1 844 196
cam_19 8457 2 1 814 195
cam_19 8461 2 1 843 214
cam_19 8461 2 1 774 199
cam_19 8452 1 1 272 341
cam_19 8473 2 1 840 203
cam_19 8492 2 1 800 186
cam_19 8529 1 1 238 334
cam_19 8502 2 1 819 229
cam_19 8509 1 1 37 461
cam_19 8521 2 1 852 212
cam_19 8536 2 4 842 229
cam_19 8551 2 1 829 197
cam_19 8558 1 1 246 382
cam_19 8613 2 1 853 219
cam_19 8695 2 1 833 226
cam_19 8696 1 1 153 369
cam_19 8714 1 1 160 361
cam_19 8746 2 1 842 196
cam_19 8769 1 1 194 337
cam_19 8775 2 1 826 239
cam_19 8776 1 1 101 451
cam_19 8796 1 1 214 344
cam_19 8816 1 1 11 408
cam_19 8814 2 1 844 229
cam_19 8826 2 1 818 201
cam_19 8830 2 1 834 226
cam_19 8844 2 1 826 215
cam_19 8860 1 1 161 436
cam_19 8858 1 1 361 354
cam_19 8872 2 1 824 208
cam_19 8879 1 1 209 342
cam_19 8890 2 1 838 218
cam_19 8890 1 2 377 335
cam_19 8889 1 1 200 368
cam_19 8917 1 1 229 322
cam_19 8939 2 1 826 187
cam_19 8942 1 1 -11 430
cam_19 8957 2 1 839 195
cam_19 8975 2 1 826 186
cam_19 8989 2 1 834 201
cam_19 9001 2 1 836 200
cam_19 9009 2 1 861 200
cam_19 9013 2 1 839 196
cam_19 9018 2 1 846 223
cam_19 9029 1 1 194 336
cam_19 9048 2 1 795 182
cam_19 9049 2 1 838 200
cam_19 9061 2 1 814 222
cam_19 9076 2 1 825 197
cam_19 9120 2 1 839 200
cam_19 9109 2 1 759 213
cam_19 9121 2 1 803 214
cam_19 9153 2 1 820 193
cam_19 9130 2 1 838 215
cam_19 9154 2 1 813 237
cam_19 9168 2 1 806 238
cam_19 9187 2 1 832 231
cam_19 9211 2 1 812 191
cam_19 9211 2 1 855 218
cam_19 9224 2 1 853 200
cam_19 9217 1 1 31 403
cam_19 9228 2 1 827 231
cam_19 9270 2 1 827 221
cam_19 9295 1 1 230 351
cam_19 9357 2 1 830 198
cam_19 9411 2 1 838 236
cam_19 9427 2 1 832 198
cam_19 9470 1 4 115 616
cam_19 9498 2 1 843 235
cam_19 9525 2 1 831 215
cam_19 9534 2 1 820 220
cam_19 9562 1 1 145 372
cam_19 9575 1 1 168 354
cam_19 9605 1 1 268 334
cam_19 9631 2 1 832 198
cam_19 9634 2 1 803 216
cam_19 9649 2 1 830 220
cam_19 9661 1 1 123 434
cam_19 9671 1 1 32 403
cam_19 9691 2 1 838 204
cam_19 9717 2 1 844 196
cam_19 9767 1 1 264 326
cam_19 9837 2 1 840 222
cam_19 9844 1 1 146 371
cam_19 9836 1 1 179 345
cam_19 9852 2 1 829 204
cam_19 9851 1 1 225 398
cam_19 9856 2 1 842 237
cam_19 9867 1 1 224 379
cam_19 9884 1 1 300 350
cam_19 9911 1 1 191 353
cam_19 9915 2 1 850 206
cam_19 9945 1 1 200 373
cam_19 9954 1 2 176 556
cam_19 9954 2 1 831 209
cam_19 9964 2 1 821 202
cam_19 9977 1 1 228 388
cam_19 10049 1 1 159 380
cam_19 10065 2 1 827 210
cam_19 10114 2 4 816 201
cam_19 10133 1 1 -5 474
cam_19 10135 1 1 289 304
cam_19 10164 2 1 834 193
cam_19 10160 1 1 33 430
cam_19 10162 1 1 353 334
cam_19 10170 2 1 792 204
cam_19 10197 2 1 820 203
cam_19 10216 2 1 844 232
cam_19 10284 2 1 847 232
cam_19 10284 2 1 798 205
cam_19 10293 2 1 781 205
cam_19 10321 2 1 841 209
cam_19 10326 2 1 811 182
cam_19 10315 1 1 271 306
cam_19 10342 2 1 835 222
cam_19 10345 2 1 792 186
cam_19 10357 2 1 769 217
cam_19 10378 2 1 803 237
cam_19 10396 2 1 835 212
cam_19 10391 2 1 786 182
cam_19 10398 2 1 790 201
cam_19 10417 1 1 185 351
cam_19 10434 2 1 844 236
cam_19 10466 1 1 224 327
cam_19 10487 1 1 181 380
cam_19 10492 2 1 831 224
cam_19 10498 1 1 -8 451
cam_19 10541 1 1 195 330
cam_19 10547 1 1 277 341
cam_19 10551 2 1 832 219
cam_19 10564 1 1 55 398
cam_19 10579 1 1 87 409
cam_19 10596 1 1 217 363
cam_19 10617 2 1 847 212
cam_19 10628 1 1 208 338
cam_19 10633 2 1 842 208
cam_19 10663 1 1 169 362
cam_19 10681 2 1 853 202
cam_19 10695 1 4 191 506
cam_19 10684 1 1 64 335
cam_19 10701 2 2 850 170
cam_19 10689 1 1 251 346
cam_19 10705 2 1 839 220
cam_19 10733 1 2 -98 595
cam_19 10731 2 1 792 217
cam_19 10747 1 1 130 432
cam_19 10767 1 1 272 295
cam_19 10782 2 1 825 212
cam_19 10801 1 1 125 395
cam_19 10824 2 1 839 216
cam_19 10840 2 1 825 193
cam_19 10890 2 1 823 220
cam_19 10918 1 1 134 407
cam_19 10962 2 1 852 217
cam_19 10966 2 1 824 221
cam_19 10975 1 1 -198 551
cam_19 10977 2 1 837 229
cam_19 10999 2 1 835 212
cam_19 11003 2 1 826 219
cam_19 11043 2 1 838 219
cam_19 11047 2 1 860 233
cam_19 11078 1 1 -4 447
cam_19 11089 2 1 806 229
cam_19 11100 2 1 841 219
cam_19 11118 2 1 804 184
cam_19 11139 2 1 840 197
cam_19 11198 1 1 438 441
cam_19 11215 1 1 -105 195
cam_19 11233 1 1 61 452
cam_19 11243 1 1 147 372
cam_19 11246 1 1 295 382
cam_19 11271 2 1 814 224
cam_19 11296 1 1 250 336
cam_19 11292 2 1 826 242
cam_19 11310 1 1 199 379
cam_19 11317 1 1 369 327
cam_19 11337 2 1 843 224
cam_19 11353 2 1 839 194
cam_19 11366 1 2 178 445
cam_19 11392 1 1 229 371
cam_19 11388 2 1 822 202
cam_19 11412 1 1 163 360
cam_19 11404 2 1 829 232
cam_19 11419 2 1 834 246
cam_19 11430 1 1 248 367
cam_19 11433 2 1 802 236
cam_19 11450 1 1 76 484
cam_19 11464 1 1 23 469
cam_19 11481 2 1 823 243
cam_19 11508 1 2 181 515
cam_19 11545 2 1 835 240
cam_19 11608 2 2 820 193
cam_19 11619 2 1 833 211
cam_19 11628 2 1 806 201
cam_19 11625 2 1 857 216
cam_19 11641 1 1 72 406
cam_19 11641 2 1 853 220
cam_19 11715 1 1 162 393
cam_19 11721 2 1 851 204
cam_19 11730 1 1 240 359
cam_19 11754 1 1 173 358
cam_19 11796 2 1 827 198
cam_19 11811 2 1 856 197
cam_19 11802 1 1 -32 563
cam_19 11812 2 1 805 203
cam_19 11833 2 1 862 207
cam_19 11838 2 1 831 212
cam_19 11836 1 1 285 373
cam_19 11869 1 1 212 322
cam_19 11900 1 1 308 439
cam_19 11943 2 1 853 222
cam_19 11958 2 1 835 206
cam_19 11972 1 1 210 362
cam_19 11988 2 1 847 201
cam_19 12005 1 1 20 482
cam_19 12015 2 1 841 219
cam_19 12024 2 1 790 194
cam_19 12037 2 1 793 195
cam_19 12060 2 1 861 208
cam_19 12088 1 1 246 332
cam_19 12078 2 1 828 197
cam_19 12090 2 1 858 206
cam_19 12097 2 1 836 207
cam_19 12118 2 1 823 220
cam_19 12142 2 1 756 225
cam_19 12160 2 1 852 219
cam_19 12178 1 1 249 325
cam_19 12181 2 1 772 209
cam_19 12214 2 1 854 211
cam_19 12205 2 1 767 214
cam_19 12207 1 1 -5 425
cam_19 12215 1 2 300 332
cam_19 12223 2 1 830 214
cam_19 12216 1 1 313 350
cam_19 12234 2 1 836 230
cam_19 12238 2 1 810 186
cam_19 12256 2 1 820 199
cam_19 12259 2 1 833 241
cam_19 12276 2 1 842 220
cam_19 12283 2 1 801 200
cam_19 12307 1 1 153 387
cam_19 12312 2 1 848 206
cam_19 12328 1 1 87 395
cam_19 12354 2 1 820 209
cam_19 12339 2 1 801 220
cam_19 12364 2 1 810 183
cam_19 12433 2 1 839 244
cam_19 12445 2 1 810 232
cam_19 12466 2 1 846 230
cam_19 12487 1 1 83 508
cam_19 12508 2 1 846 215
cam_19 12496 1 1 281 398
cam_19 12511 1 2 9 446
cam_19 12531 2 1 851 195
cam_19 12565 1 1 149 366
cam_19 12592 2 1 840 219
cam_19 12620 1 2 321 324
cam_19 12617 2 1 851 204
cam_19 12651 1 1 139 373
cam_19 12657 1 1 175 362
cam_19 12665 1 1 333 319
cam_19 12702 2 1 834 226
cam_19 12714 2 1 802 212
cam_19 12721 2 1 846 231
cam_19 12733 2 1 842 228
cam_19 12750 2 1 818 224
cam_19 12751 1 1 23 460
cam_19 12765 2 1 853 222
cam_19 12772 2 1 826 234
cam_19 12780 2 1 795 180
cam_19 12793 2 1 841 197
cam_19 12793 2 1 870 213
cam_19 12808 2 1 845 230
cam_19 12819 1 1 228 340
cam_19 12820 2 1 851 248
cam_19 12839 1 1 153 372
cam_19 12855 2 1 807 226
cam_19 12871 2 1 849 211
cam_19 12885 2 1 858 203
cam_19 12859 2 1 750 205
cam_19 12877 2 1 784 211
cam_19 12879 2 1 733 212
cam_19 12895 2 1 850 229
cam_19 12892 2 2 813 208
cam_19 12898 2 1 812 240
cam_19 12925 2 1 878 229
cam_19 12937 2 1 854 215
cam_19 12928 2 1 777 224
cam_19 12954 2 1 827 214
cam_19 12990 2 1 836 219
cam_19 13000 2 2 836 234
cam_19 13009 2 1 835 227
cam_19 13020 2 1 801 195
cam_19 13014 1 1 170 352
cam_19 13045 2 1 842 224
cam_19 13040 1 1 14 455
cam_19 13128 2 1 840 192
cam_19 13155 2 1 847 231
cam_19 13172 1 1 195 423
cam_19 13174 2 1 856 213
cam_19 13183 1 1 258 367
cam_19 13184 1 1 325 386
cam_19 13197 2 1 817 188
cam_19 13203 2 1 837 216
cam_19 13235 1 1 229 307
cam_19 13270 2 1 829 225
cam_19 13279 1 1 176 376
cam_19 13288 1 1 84 389
cam_19 13323 2 1 813 232
cam_19 13330 1 1 223 345
cam_19 13356 1 1 199 344
cam_19 13397 1 1 276 305
cam_19 13420 1 2 180 303
cam_19 13420 2 1 841 206
cam_19 13433 1 3 -106 670
cam_19 13471 2 1 835 190
cam_19 13480 2 1 814 216
cam_19 13489 1 1 279 279
