cam_12 27 1 1 979 387
cam_12 69 1 1 806 367
cam_12 69 1 4 664 344
cam_12 70 1 1 745 377
cam_12 105 1 1 887 374
cam_12 126 1 1 955 385
cam_12 141 1 1 958 389
cam_12 144 1 1 997 396
cam_12 141 1 1 891 379
cam_12 141 1 1 900 420
cam_12 147 1 1 1075 387
cam_12 153 1 1 951 385
cam_12 153 1 1 902 389
cam_12 154 1 1 866 358
cam_12 150 1 1 1034 396
cam_12 166 1 1 829 370
cam_12 163 1 1 1017 402
cam_12 162 1 1 896 380
cam_12 162 1 1 845 374
cam_12 154 1 1 757 352
cam_12 160 1 1 984 372
cam_12 174 1 2 681 344
cam_12 162 1 1 951 398
cam_12 166 1 1 916 389
cam_12 168 1 1 1064 399
cam_12 165 1 1 886 382
cam_12 165 1 1 741 354
cam_12 171 1 1 835 379
cam_12 171 1 1 876 375
cam_12 168 1 1 980 387
cam_12 172 1 1 785 360
cam_12 175 1 1 944 376
cam_12 178 1 1 1077 384
cam_12 173 1 1 985 380
cam_12 181 1 1 1011 396
cam_12 198 1 1 907 375
cam_12 181 1 1 951 390
cam_12 189 1 1 761 358
cam_12 183 1 1 842 379
cam_12 190 1 1 903 360
cam_12 187 1 1 829 367
cam_12 187 1 1 962 389
cam_12 198 1 1 943 387
cam_12 193 1 1 780 361
cam_12 195 1 1 1003 397
cam_12 193 1 1 851 373
cam_12 192 1 1 1047 406
cam_12 204 1 1 848 382
cam_12 207 1 1 956 392
cam_12 199 1 1 1028 406
cam_12 214 1 1 858 372
cam_12 210 1 1 934 394
cam_12 204 1 1 892 386
cam_12 211 1 1 1013 388
cam_12 217 1 1 970 392
cam_12 226 1 1 971 395
cam_12 226 1 1 937 414
cam_12 259 1 2 864 372
cam_12 214 1 1 893 384
cam_12 222 1 1 1037 401
cam_12 225 1 1 898 376
cam_12 232 1 1 1008 397
cam_12 237 1 1 771 357
cam_12 234 1 1 1062 406
cam_12 258 1 2 770 357
cam_12 240 1 1 970 388
cam_12 238 1 1 729 346
cam_12 240 1 1 1044 396
cam_12 240 1 1 1004 390
cam_12 247 1 1 942 389
cam_12 244 1 1 1020 410
cam_12 276 1 4 743 364
cam_12 258 1 1 1049 401
cam_12 256 1 1 949 395
cam_12 286 1 2 864 354
cam_12 265 1 1 1036 391
cam_12 259 1 1 971 401
cam_12 265 1 1 978 393
cam_12 262 1 1 924 401
cam_12 268 1 1 955 406
cam_12 277 1 1 1045 404
cam_12 301 1 2 770 370
cam_12 300 1 2 692 351
cam_12 286 1 1 1027 403
cam_12 291 1 1 948 399
cam_12 315 1 2 877 354
cam_12 309 1 1 1096 398
cam_12 321 1 2 683 342
cam_12 301 1 4 955 410
cam_12 312 1 1 1034 410
cam_12 327 1 4 865 372
cam_12 325 1 1 1000 396
cam_12 348 1 2 775 358
cam_12 327 1 1 1053 407
cam_12 330 1 1 956 388
cam_12 364 1 2 850 365
cam_12 343 1 2 966 392
cam_12 358 1 1 744 358
cam_12 358 1 2 918 386
cam_12 370 1 1 800 368
cam_12 379 1 2 691 343
cam_12 384 1 2 802 338
cam_12 373 1 1 1077 395
cam_12 361 1 1 992 404
cam_12 396 1 2 690 347
cam_12 409 1 2 800 368
cam_12 405 1 1 951 386
cam_12 408 1 1 1047 412
cam_12 421 1 2 861 373
cam_12 427 1 2 700 346
cam_12 406 1 1 1001 394
cam_12 442 1 2 688 355
cam_12 426 1 1 1071 406
cam_12 424 1 2 985 392
cam_12 423 1 1 909 366
cam_12 459 1 2 862 363
cam_12 439 1 1 931 376
cam_12 471 1 2 700 368
cam_12 448 1 1 1050 397
cam_12 456 1 1 952 387
cam_12 439 1 1 891 380
cam_12 439 1 1 1006 401
cam_12 442 1 1 763 361
cam_12 490 1 2 881 356
cam_12 477 1 1 1069 402
cam_12 474 1 1 967 385
cam_12 477 1 1 945 392
cam_12 475 1 1 1008 393
cam_12 481 1 1 943 391
cam_12 487 1 1 794 352
cam_12 480 1 1 1022 399
cam_12 498 1 1 920 380
cam_12 495 1 1 1016 400
cam_12 493 1 1 961 387
cam_12 511 1 1 821 357
cam_12 528 1 1 999 392
cam_12 580 1 2 896 376
cam_12 541 1 1 921 379
cam_12 559 1 1 701 352
cam_12 597 1 1 1087 397
cam_12 619 1 2 709 353
cam_12 669 1 1 760 369
cam_12 720 1 1 988 404
cam_12 721 1 1 1034 406
cam_12 723 1 1 778 371
cam_12 732 1 1 985 378
cam_12 747 1 1 978 392
cam_12 742 1 1 922 413
cam_12 733 1 1 803 380
cam_12 742 1 1 1029 399
cam_12 741 1 1 957 389
cam_12 745 1 1 841 373
cam_12 739 1 1 788 373
cam_12 729 1 1 839 375
cam_12 735 1 1 923 388
cam_12 742 1 1 875 375
cam_12 748 1 1 751 360
cam_12 751 1 1 883 387
cam_12 759 1 1 829 377
cam_12 751 1 1 921 389
cam_12 772 1 2 702 363
cam_12 750 1 1 839 390
cam_12 756 1 1 724 356
cam_12 762 1 1 909 384
cam_12 763 1 1 981 403
cam_12 768 1 1 884 389
cam_12 763 1 1 797 383
cam_12 762 1 1 947 398
cam_12 765 1 1 1032 408
cam_12 769 1 1 831 386
cam_12 796 1 2 738 348
cam_12 784 1 4 822 373
cam_12 778 1 1 1028 408
cam_12 783 1 1 948 391
cam_12 778 1 1 1084 413
cam_12 783 1 1 881 396
cam_12 790 1 1 1015 395
cam_12 792 1 1 899 387
cam_12 793 1 1 836 395
cam_12 798 1 1 1004 398
cam_12 811 1 1 817 367
cam_12 805 1 1 903 391
cam_12 804 1 1 984 395
cam_12 793 1 1 1083 437
cam_12 802 1 1 883 384
cam_12 804 1 1 947 386
cam_12 831 1 2 823 370
cam_12 813 1 1 872 368
cam_12 822 1 1 908 391
cam_12 819 1 1 1030 403
cam_12 814 1 1 998 395
cam_12 825 1 1 664 351
cam_12 832 1 1 889 386
cam_12 822 1 1 1102 405
cam_12 823 1 1 992 410
cam_12 844 1 2 774 366
cam_12 832 1 1 931 389
cam_12 844 1 1 876 371
cam_12 853 1 1 823 377
cam_12 841 1 1 945 391
cam_12 849 1 1 953 398
cam_12 856 1 1 800 374
cam_12 880 1 2 732 357
cam_12 850 1 1 1050 391
cam_12 868 1 2 849 364
cam_12 858 1 1 986 377
cam_12 859 1 1 898 385
cam_12 865 1 1 969 388
cam_12 867 1 1 1017 395
cam_12 879 1 1 871 363
cam_12 882 1 1 954 386
cam_12 898 1 1 1081 388
cam_12 894 1 1 971 395
cam_12 925 1 2 833 363
cam_12 909 1 1 969 386
cam_12 928 1 2 901 387
cam_12 961 1 2 757 373
cam_12 936 1 1 975 393
cam_12 948 1 2 873 375
cam_12 957 1 1 927 387
cam_12 967 1 2 679 370
cam_12 969 1 1 953 387
cam_12 951 1 1 1056 402
cam_12 952 1 1 892 400
cam_12 1042 1 2 844 381
cam_12 1012 1 4 891 381
cam_12 1009 1 1 984 404
cam_12 1084 1 2 852 371
cam_12 1038 1 1 1021 405
cam_12 1014 1 1 1056 418
cam_12 1029 1 1 985 418
cam_12 1030 1 1 727 378
cam_12 1029 1 1 1057 428
cam_12 1023 1 1 673 399
cam_12 1074 1 1 925 396
cam_12 1077 1 1 973 398
cam_12 1084 1 1 1006 399
cam_12 1143 1 1 825 368
cam_12 1204 1 2 703 372
cam_12 1209 1 1 765 379
cam_12 1233 1 2 636 395
cam_12 1237 1 1 901 377
cam_12 1237 1 1 860 372
cam_12 1233 1 1 786 371
cam_12 1243 1 1 837 380
cam_12 1243 1 1 782 364
cam_12 1245 1 1 1018 399
cam_12 1270 1 2 1033 401
cam_12 1275 1 2 819 367
cam_12 1257 1 2 696 343
cam_12 1264 1 2 779 357
cam_12 1257 1 2 938 385
cam_12 1269 1 1 901 391
cam_12 1270 1 2 691 352
cam_12 1282 1 1 778 370
cam_12 1284 1 1 946 400
cam_12 1291 1 1 779 368
cam_12 1282 1 2 1038 427
cam_12 1282 1 1 628 393
cam_12 1282 1 1 711 374
cam_12 1290 1 1 830 367
cam_12 1306 1 1 723 356
cam_12 1306 1 2 1014 411
cam_12 1306 1 1 869 364
cam_12 1300 1 1 796 364
cam_12 1293 1 1 983 393
cam_12 1309 1 1 900 382
cam_12 1311 1 1 848 366
cam_12 1318 1 1 891 381
cam_12 1320 1 1 828 376
cam_12 1339 1 1 619 361
cam_12 1327 1 1 900 379
cam_12 1362 1 2 856 370
cam_12 1330 1 1 882 400
cam_12 1333 1 1 829 373
cam_12 1347 1 1 952 385
cam_12 1333 1 1 867 381
cam_12 1339 1 1 786 369
cam_12 1348 1 1 929 391
cam_12 1350 1 4 660 349
cam_12 1348 1 1 1070 410
cam_12 1351 1 1 951 401
cam_12 1351 1 1 983 388
cam_12 1362 1 1 1070 390
cam_12 1371 1 1 691 358
cam_12 1368 1 1 968 407
cam_12 1368 1 1 911 401
cam_12 1363 1 1 892 396
cam_12 1380 1 1 875 363
cam_12 1374 1 1 855 386
cam_12 1377 1 1 1004 392
cam_12 1389 1 1 944 387
cam_12 1383 1 1 1001 394
cam_12 1380 1 2 782 360
cam_12 1397 1 1 1083 385
cam_12 1389 1 1 804 374
cam_12 1401 1 2 995 394
cam_12 1401 1 2 691 351
cam_12 1398 1 2 856 367
cam_12 1423 1 2 859 365
cam_12 1414 1 1 962 385
cam_12 1419 1 1 931 384
cam_12 1408 1 1 960 403
cam_12 1419 1 1 751 353
cam_12 1429 1 2 968 389
cam_12 1440 1 3 634 369
cam_12 1440 1 1 864 412
cam_12 1440 1 1 948 389
cam_12 1465 1 1 890 388
cam_12 1453 1 1 953 381
cam_12 1447 1 1 1010 398
cam_12 1456 1 1 862 362
cam_12 1467 1 1 851 376
cam_12 1467 1 1 652 384
cam_12 1488 1 1 958 393
cam_12 1485 1 4 655 357
cam_12 1543 1 1 716 359
cam_12 1561 1 1 769 366
cam_12 1582 1 1 827 401
cam_12 1567 1 1 1068 390
cam_12 1570 1 2 783 358
cam_12 1582 1 1 869 420
cam_12 1582 1 1 958 397
cam_12 1600 1 2 756 388
cam_12 1593 1 1 870 375
cam_12 1569 1 1 998 403
cam_12 1582 1 1 1065 402
cam_12 1573 1 1 900 393
cam_12 1582 1 1 765 361
cam_12 1584 1 1 847 373
cam_12 1602 1 2 908 417
cam_12 1594 1 2 753 355
cam_12 1597 1 1 1052 412
cam_12 1608 1 1 920 382
cam_12 1608 1 1 1021 390
cam_12 1588 1 1 673 348
cam_12 1626 1 2 781 356
cam_12 1608 1 1 845 372
cam_12 1621 1 2 700 339
cam_12 1723 1 1 1154 395
cam_12 1657 1 2 742 358
cam_12 1698 1 2 863 360
cam_12 1669 1 1 794 361
cam_12 1680 1 2 818 365
cam_12 1669 1 2 694 350
cam_12 1717 1 2 793 368
cam_12 1683 1 1 1008 414
cam_12 1687 1 1 939 401
cam_12 1713 1 2 908 377
cam_12 1723 1 2 700 375
cam_12 1692 1 1 965 397
cam_12 1729 1 1 737 349
cam_12 1717 1 1 976 388
cam_12 1726 1 1 1042 403
cam_12 1735 1 2 861 354
cam_12 1743 1 2 762 353
cam_12 1751 1 2 886 357
cam_12 1744 1 1 1000 391
cam_12 1746 1 1 1065 396
cam_12 1765 1 4 668 388
cam_12 1756 1 1 986 390
cam_12 1746 1 1 966 393
cam_12 1776 1 3 881 370
cam_12 1765 1 1 964 389
cam_12 1774 1 1 984 389
cam_12 1795 1 2 873 368
cam_12 1789 1 2 757 347
cam_12 1780 1 1 948 386
cam_12 1806 1 2 717 350
cam_12 1786 1 1 869 361
cam_12 1806 1 1 834 370
cam_12 1791 1 1 986 389
cam_12 1794 1 1 970 390
cam_12 1812 1 1 881 372
cam_12 1813 1 1 846 372
cam_12 1821 1 1 985 390
cam_12 1830 1 2 776 349
cam_12 1815 1 1 964 384
cam_12 1822 1 1 1037 394
cam_12 1827 1 1 951 387
cam_12 1827 1 1 860 376
cam_12 1830 1 1 866 408
cam_12 1836 1 2 613 394
cam_12 1836 1 1 967 429
cam_12 1836 1 1 743 363
cam_12 1860 1 1 834 369
cam_12 1880 1 2 720 347
cam_12 1980 1 1 846 397
cam_12 1992 1 1 892 377
cam_12 1984 1 1 778 365
cam_12 1977 1 1 753 362
cam_12 1992 1 1 943 382
cam_12 1981 1 1 803 367
cam_12 1981 1 1 879 398
cam_12 1980 1 1 925 402
cam_12 1977 1 1 915 388
cam_12 1977 1 1 851 377
cam_12 1993 1 1 1007 396
cam_12 1977 1 1 975 406
cam_12 1986 1 1 1021 385
cam_12 1995 1 1 794 355
cam_12 2008 1 4 747 365
cam_12 2010 1 1 653 405
cam_12 1995 1 1 717 362
cam_12 1999 1 1 889 372
cam_12 1999 1 1 846 371
cam_12 2007 1 1 1067 411
cam_12 2010 1 1 907 381
cam_12 2008 1 1 979 387
cam_12 2010 1 1 859 400
cam_12 2010 1 1 825 383
cam_12 2020 1 1 1056 399
cam_12 2020 1 1 937 413
cam_12 2047 1 2 683 361
cam_12 2041 1 1 991 391
cam_12 2017 1 1 737 357
cam_12 2025 1 1 961 405
cam_12 2031 1 1 844 410
cam_12 2025 1 2 772 356
cam_12 2028 1 1 935 385
cam_12 2025 1 1 1088 384
cam_12 2022 1 1 831 374
cam_12 2025 1 1 987 387
cam_12 2040 1 2 699 350
cam_12 2031 1 1 882 378
cam_12 2029 1 1 1006 385
cam_12 2052 1 2 874 371
cam_12 2046 1 1 753 386
cam_12 2038 1 1 941 378
cam_12 2086 1 2 862 371
cam_12 2046 1 1 931 384
cam_12 2061 1 2 886 413
cam_12 2065 1 4 673 360
cam_12 2061 1 1 1009 405
cam_12 2092 1 1 775 353
cam_12 2080 1 2 857 370
cam_12 2074 1 2 766 356
cam_12 2088 1 2 921 391
cam_12 2080 1 1 706 368
cam_12 2082 1 1 1000 388
cam_12 2095 1 1 978 394
cam_12 2089 1 1 1082 389
cam_12 2107 1 1 957 425
cam_12 2130 1 2 892 353
cam_12 2106 1 1 896 383
cam_12 2118 1 2 714 339
cam_12 2095 1 1 897 415
cam_12 2100 1 2 820 368
cam_12 2130 1 2 744 359
cam_12 2116 1 1 1009 394
cam_12 2148 1 2 756 347
cam_12 2119 1 2 862 360
cam_12 2158 1 2 795 359
cam_12 2134 1 1 1017 406
cam_12 2138 1 2 862 342
cam_12 2173 1 2 860 396
cam_12 2148 1 1 974 386
cam_12 2151 1 1 656 357
cam_12 2166 1 2 859 393
cam_12 2169 1 2 879 361
cam_12 2173 1 1 955 405
cam_12 2173 1 1 625 398
cam_12 2212 1 1 710 343
cam_12 2185 1 1 749 372
cam_12 2215 1 1 813 365
cam_12 2229 1 1 794 366
cam_12 2242 1 1 704 349
cam_12 2289 1 1 738 373
cam_12 2293 1 1 792 364
cam_12 2277 1 1 785 366
cam_12 2317 1 1 736 345
cam_12 2340 1 1 775 352
cam_12 2362 1 1 942 401
cam_12 2361 1 1 951 388
cam_12 2377 1 1 849 368
cam_12 2382 1 1 969 394
cam_12 2370 1 1 843 373
cam_12 2388 1 1 833 365
cam_12 2373 1 1 940 399
cam_12 2392 1 1 901 390
cam_12 2391 1 1 956 386
cam_12 2395 1 1 763 366
cam_12 2392 1 1 829 389
cam_12 2392 1 1 1055 425
cam_12 2404 1 2 822 364
cam_12 2404 1 1 744 351
cam_12 2416 1 4 733 371
cam_12 2403 1 1 927 379
cam_12 2409 1 1 911 378
cam_12 2416 1 1 1012 395
cam_12 2416 1 4 819 378
cam_12 2403 1 1 979 388
cam_12 2400 1 1 887 373
cam_12 2416 1 1 899 380
cam_12 2413 1 1 906 387
cam_12 2409 1 1 1003 402
cam_12 2421 1 1 1032 394
cam_12 2425 1 1 872 373
cam_12 2422 1 1 990 408
cam_12 2436 1 2 689 344
cam_12 2454 1 2 773 361
cam_12 2427 1 1 1018 390
cam_12 2446 1 1 968 393
cam_12 2440 1 1 983 375
cam_12 2445 1 2 874 370
cam_12 2456 1 2 676 352
cam_12 2437 1 1 1035 392
cam_12 2454 1 1 998 399
cam_12 2454 1 1 949 386
cam_12 2469 1 2 840 371
cam_12 2442 1 1 759 361
cam_12 2445 1 1 1066 408
cam_12 2454 1 1 714 371
cam_12 2472 1 2 759 359
cam_12 2478 1 2 793 362
cam_12 2458 1 1 684 346
cam_12 2463 1 1 981 377
cam_12 2475 1 1 845 382
cam_12 2472 1 1 935 384
cam_12 2488 1 1 690 353
cam_12 2466 1 1 664 340
cam_12 2517 1 1 777 359
cam_12 2499 1 1 1046 397
cam_12 2478 1 1 947 387
cam_12 2491 1 1 927 382
cam_12 2494 1 1 729 361
cam_12 2494 1 1 992 392
cam_12 2487 1 1 745 360
cam_12 2502 1 1 916 375
cam_12 2482 1 1 1052 405
cam_12 2490 1 2 874 374
cam_12 2526 1 2 678 346
cam_12 2517 1 1 943 380
cam_12 2511 1 1 1014 396
cam_12 2533 1 2 878 359
cam_12 2521 1 1 939 385
cam_12 2542 1 2 692 350
cam_12 2518 1 1 1014 403
cam_12 2532 1 2 981 386
cam_12 2548 1 2 782 361
cam_12 2527 1 1 1066 397
cam_12 2545 1 1 1068 405
cam_12 2536 1 1 1041 394
cam_12 2571 1 2 673 351
cam_12 2557 1 1 894 376
cam_12 2604 1 2 771 357
cam_12 2565 1 1 966 387
cam_12 2568 1 1 886 383
cam_12 2586 1 2 859 339
cam_12 2578 1 1 1033 397
cam_12 2595 1 2 710 407
cam_12 2595 1 1 911 378
cam_12 2590 1 1 917 382
cam_12 2598 1 1 983 388
cam_12 2595 1 1 982 379
cam_12 2628 1 2 768 358
cam_12 2617 1 1 1017 391
cam_12 2613 1 2 758 379
cam_12 2641 1 2 874 353
cam_12 2623 1 1 1006 390
cam_12 2643 1 2 669 348
cam_12 2644 1 2 779 367
cam_12 2653 1 1 888 374
cam_12 2643 1 1 997 385
cam_12 2662 1 2 692 346
cam_12 2649 1 1 926 379
cam_12 2673 1 2 866 361
cam_12 2658 1 1 958 376
cam_12 2671 1 2 750 354
cam_12 2667 1 1 1130 417
cam_12 2667 1 1 963 388
cam_12 2694 1 1 973 384
cam_12 2682 1 1 962 382
cam_12 2685 1 1 683 350
cam_12 2684 1 1 858 368
cam_12 2695 1 1 835 370
cam_12 2698 1 1 948 391
cam_12 2697 1 1 1038 398
cam_12 2719 1 1 987 376
cam_12 2716 1 1 775 363
cam_12 2728 1 2 646 354
cam_12 2739 1 1 810 379
cam_12 2797 1 1 837 395
cam_12 2808 1 1 905 380
cam_12 2799 1 1 901 373
cam_12 2792 1 4 697 332
cam_12 2806 1 1 958 386
cam_12 2795 1 1 878 369
cam_12 2800 1 1 1001 405
cam_12 2800 1 1 835 370
cam_12 2799 1 2 768 355
cam_12 2815 1 4 804 391
cam_12 2812 1 1 914 379
cam_12 2808 1 1 1014 411
cam_12 2806 1 1 1046 416
cam_12 2808 1 1 1098 436
cam_12 2813 1 2 691 346
cam_12 2812 1 2 795 398
cam_12 2808 1 2 856 356
cam_12 2815 1 1 973 374
cam_12 2815 1 1 1079 385
cam_12 2820 1 1 1035 396
cam_12 2829 1 1 1019 390
cam_12 2832 1 1 1000 415
cam_12 2833 1 2 760 356
cam_12 2838 1 1 953 428
cam_12 2839 1 2 852 352
cam_12 2838 1 4 685 354
cam_12 2839 1 1 1068 412
cam_12 2850 1 1 765 401
cam_12 2850 1 1 974 407
cam_12 2844 1 2 863 356
cam_12 2839 1 1 730 407
cam_12 2856 1 1 985 404
cam_12 2852 1 2 879 359
cam_12 2878 1 1 870 378
cam_12 2872 1 2 689 349
cam_12 2871 1 2 864 357
cam_12 2872 1 1 1013 397
cam_12 2878 1 1 940 382
cam_12 2862 1 1 1023 399
cam_12 2895 1 2 854 373
cam_12 2872 1 1 948 384
cam_12 2869 1 1 779 358
cam_12 2902 1 2 768 358
cam_12 2908 1 2 685 345
cam_12 2877 1 1 669 357
cam_12 2886 1 1 950 395
cam_12 2908 1 1 797 363
cam_12 2895 1 1 916 380
cam_12 2895 1 1 1031 398
cam_12 2895 1 1 840 419
cam_12 2904 1 1 958 388
cam_12 2908 1 1 878 371
cam_12 2907 1 1 1000 397
cam_12 2911 1 1 911 384
cam_12 2932 1 2 779 376
cam_12 2941 1 1 836 369
cam_12 2914 1 1 1028 392
cam_12 2919 1 1 846 370
cam_12 2929 1 1 918 386
cam_12 2937 1 1 846 376
cam_12 2933 1 1 809 362
cam_12 2935 1 1 917 394
cam_12 2944 1 1 897 372
cam_12 2949 1 1 854 371
cam_12 2934 1 1 867 362
cam_12 2939 1 1 719 401
cam_12 2937 1 1 1044 407
cam_12 2946 1 1 757 356
cam_12 2959 1 1 956 382
cam_12 2955 1 1 853 368
cam_12 2958 1 1 897 373
cam_12 2950 1 1 964 387
cam_12 2959 1 1 836 376
cam_12 2966 1 1 899 367
cam_12 2968 1 1 831 371
cam_12 2964 1 1 733 349
cam_12 2973 1 1 784 364
cam_12 2973 1 1 833 395
cam_12 2973 1 1 898 388
cam_12 2992 1 1 843 396
cam_12 2992 1 1 934 390
cam_12 2994 1 1 789 364
cam_12 2991 1 1 830 364
cam_12 2989 1 1 912 377
cam_12 3045 1 1 669 343
cam_12 3061 1 1 1035 395
cam_12 3078 1 1 680 348
cam_12 3106 1 1 677 338
cam_12 3174 1 1 876 360
cam_12 3150 1 1 705 357
cam_12 3189 1 1 865 372
cam_12 3183 1 1 917 378
cam_12 3211 1 1 755 358
cam_12 3199 1 1 763 359
cam_12 3193 1 1 1059 399
cam_12 3199 1 1 840 372
cam_12 3207 1 1 927 383
cam_12 3208 1 1 1033 398
cam_12 3205 1 1 881 375
cam_12 3207 1 1 822 364
cam_12 3222 1 1 900 379
cam_12 3217 1 1 836 381
cam_12 3222 1 1 840 372
cam_12 3214 1 1 973 402
cam_12 3219 1 1 759 376
cam_12 3237 1 1 672 347
cam_12 3240 1 1 863 373
cam_12 3223 1 1 920 400
cam_12 3219 1 1 789 365
cam_12 3223 1 1 964 393
cam_12 3241 1 1 829 370
cam_12 3243 1 1 943 387
cam_12 3246 1 2 758 353
cam_12 3228 1 1 947 398
cam_12 3229 1 1 897 397
cam_12 3229 1 1 1040 397
cam_12 3238 1 1 953 386
cam_12 3256 1 2 702 348
cam_12 3255 1 1 915 379
cam_12 3280 1 1 1129 426
cam_12 3244 1 1 618 359
cam_12 3256 1 1 775 389
cam_12 3246 1 1 845 382
cam_12 3241 1 1 895 383
cam_12 3264 1 1 824 367
cam_12 3229 1 1 816 388
cam_12 3250 1 1 862 399
cam_12 3261 1 1 1040 409
cam_12 3261 1 1 965 390
cam_12 3258 1 1 871 367
cam_12 3261 1 1 883 394
cam_12 3256 1 1 753 362
cam_12 3268 1 1 1049 402
cam_12 3291 1 2 774 358
cam_12 3277 1 1 858 378
cam_12 3276 1 1 882 381
cam_12 3268 1 1 847 391
cam_12 3276 1 1 1023 403
cam_12 3276 1 1 921 396
cam_12 3267 1 1 1001 396
cam_12 3264 1 1 884 405
cam_12 3285 1 1 865 365
cam_12 3271 1 2 797 370
cam_12 3279 1 2 715 346
cam_12 3295 1 2 690 345
cam_12 3279 1 1 975 401
cam_12 3303 1 2 803 364
cam_12 3295 1 1 953 389
cam_12 3295 1 1 891 382
cam_12 3294 1 1 1000 386
cam_12 3303 1 1 965 390
cam_12 3309 1 1 913 376
cam_12 3327 1 2 694 350
cam_12 3313 1 1 970 395
cam_12 3319 1 2 861 364
cam_12 3322 1 1 916 385
cam_12 3324 1 2 983 389
cam_12 3345 1 2 689 349
cam_12 3331 1 1 915 403
cam_12 3333 1 1 999 387
cam_12 3345 1 1 806 360
cam_12 3346 1 1 868 358
cam_12 3333 1 1 834 362
cam_12 3340 1 1 1064 406
cam_12 3349 1 1 941 378
cam_12 3349 1 1 899 398
cam_12 3372 1 2 859 370
cam_12 3355 1 1 1037 404
cam_12 3357 1 1 969 384
cam_12 3366 1 2 759 350
cam_12 3360 1 1 947 384
cam_12 3372 1 1 988 373
cam_12 3379 1 1 948 393
cam_12 3373 1 1 689 364
cam_12 3405 1 2 770 356
cam_12 3400 1 2 862 360
cam_12 3408 1 1 692 348
cam_12 3409 1 1 993 413
cam_12 3410 1 1 1084 391
cam_12 3408 1 1 916 388
cam_12 3430 1 3 961 398
cam_12 3445 1 2 796 362
cam_12 3423 1 1 1077 385
cam_12 3447 1 1 893 365
cam_12 3460 1 2 794 368
cam_12 3451 1 1 960 388
cam_12 3450 1 1 866 359
cam_12 3459 1 1 868 358
cam_12 3471 1 2 749 363
cam_12 3459 1 1 1059 402
cam_12 3486 1 2 762 357
cam_12 3489 1 2 872 364
cam_12 3516 1 2 835 369
cam_12 3514 1 1 696 351
cam_12 3532 1 1 894 379
cam_12 3535 1 1 834 365
cam_12 3534 1 1 879 391
cam_12 3551 1 1 854 369
cam_12 3554 1 1 721 343
cam_12 3579 1 1 850 371
cam_12 3711 1 2 717 341
cam_12 3720 1 1 1043 412
cam_12 3738 1 1 899 375
cam_12 3810 1 1 733 389
cam_12 3810 1 1 845 393
cam_12 3826 1 1 756 397
cam_12 3829 1 1 1007 395
cam_12 3834 1 1 693 370
cam_12 3835 1 1 846 391
cam_12 3840 1 1 854 366
cam_12 3823 1 1 1000 392
cam_12 3828 1 1 854 371
cam_12 3834 1 1 764 360
cam_12 3823 1 1 745 378
cam_12 3831 1 1 956 395
cam_12 3831 1 1 887 384
cam_12 3834 1 1 810 371
cam_12 3831 1 2 683 352
cam_12 3852 1 1 831 365
cam_12 3838 1 1 1009 390
cam_12 3835 1 1 1076 414
cam_12 3837 1 1 784 367
cam_12 3837 1 1 902 380
cam_12 3841 1 1 957 384
cam_12 3853 1 1 758 357
cam_12 3862 1 2 687 355
cam_12 3858 1 1 1009 400
cam_12 3856 1 1 953 387
cam_12 3858 1 1 898 364
cam_12 3862 1 1 880 393
cam_12 3859 1 1 863 371
cam_12 3849 1 1 1014 401
cam_12 3849 1 1 980 391
cam_12 3862 1 1 942 402
cam_12 3846 1 1 881 380
cam_12 3862 1 1 607 403
cam_12 3861 1 1 757 358
cam_12 3867 1 1 1004 385
cam_12 3864 1 1 832 364
cam_12 3861 1 1 1106 413
cam_12 3865 1 1 786 356
cam_12 3870 1 1 939 386
cam_12 3870 1 1 894 373
cam_12 3876 1 1 1078 412
cam_12 3874 1 1 727 340
cam_12 3886 1 1 943 397
cam_12 3885 1 1 899 382
cam_12 3879 1 1 880 371
cam_12 3891 1 2 842 359
cam_12 3868 1 1 1077 398
cam_12 3886 1 2 683 351
cam_12 3886 1 1 1001 388
cam_12 3906 1 1 815 367
cam_12 3910 1 1 849 370
cam_12 3903 1 1 760 367
cam_12 3918 1 1 794 383
cam_12 3910 1 1 946 386
cam_12 3931 1 2 856 376
cam_12 3922 1 1 739 362
cam_12 3910 1 1 1034 398
cam_12 3906 1 1 1002 391
cam_12 3907 1 1 897 376
cam_12 3909 1 1 717 346
cam_12 3910 1 1 910 392
cam_12 3913 1 1 790 372
cam_12 3948 1 2 756 361
cam_12 3919 1 1 930 385
cam_12 3924 1 1 1003 392
cam_12 3936 1 1 896 392
cam_12 3948 1 1 869 363
cam_12 3928 1 1 927 380
cam_12 3954 1 2 676 350
cam_12 3958 1 2 865 371
cam_12 3960 1 2 938 402
cam_12 3954 1 1 1033 406
cam_12 3958 1 1 1079 381
cam_12 3959 1 1 1050 405
cam_12 3984 1 2 690 348
cam_12 3964 1 1 1058 402
cam_12 3999 1 2 852 367
cam_12 3982 1 2 987 394
cam_12 3978 1 1 1077 421
cam_12 3975 1 1 1104 406
cam_12 3997 1 2 843 388
cam_12 3997 1 2 658 362
cam_12 3998 1 2 1013 412
cam_12 4003 1 1 1019 392
cam_12 4018 1 1 1016 398
cam_12 4032 1 2 865 369
cam_12 4030 1 2 755 355
cam_12 4017 1 1 941 382
cam_12 4051 1 2 860 374
cam_12 4060 1 1 904 382
cam_12 4044 1 1 990 375
cam_12 4051 1 1 997 394
cam_12 4065 1 2 697 354
cam_12 4070 1 2 836 361
cam_12 4050 1 1 945 378
cam_12 4101 1 4 766 357
cam_12 4126 1 2 688 346
cam_12 4122 1 2 767 352
cam_12 4129 1 1 938 382
cam_12 4188 1 1 770 364
cam_12 4177 1 1 904 363
cam_12 4188 1 1 846 370
cam_12 4216 1 1 721 342
cam_12 4252 1 1 768 362
cam_12 4329 1 1 686 347
cam_12 4330 1 1 805 363
cam_12 4431 1 1 776 365
cam_12 4417 1 1 993 397
cam_12 4426 1 1 836 366
cam_12 4429 1 1 836 374
cam_12 4431 1 1 881 367
cam_12 4444 1 1 830 362
cam_12 4438 1 1 913 375
cam_12 4438 1 1 981 379
cam_12 4444 1 1 917 380
cam_12 4444 1 1 872 376
cam_12 4453 1 1 828 367
cam_12 4450 1 1 885 380
cam_12 4462 1 1 778 366
cam_12 4474 1 2 711 359
cam_12 4461 1 1 879 377
cam_12 4456 1 1 998 394
cam_12 4465 1 1 823 376
cam_12 4462 1 1 852 389
cam_12 4459 1 1 1065 400
cam_12 4465 1 1 909 413
cam_12 4476 1 1 1039 400
cam_12 4477 1 1 818 371
cam_12 4479 1 1 913 381
cam_12 4492 1 1 769 366
cam_12 4482 1 1 801 372
cam_12 4495 1 1 814 373
cam_12 4485 1 1 775 391
cam_12 4504 1 2 692 348
cam_12 4498 1 1 861 372
cam_12 4489 1 1 901 373
cam_12 4500 1 1 897 378
cam_12 4521 1 2 781 364
cam_12 4513 1 1 736 359
cam_12 4498 1 1 1039 400
cam_12 4495 1 1 1103 407
cam_12 4504 1 1 889 388
cam_12 4503 1 1 993 391
cam_12 4504 1 1 1028 408
cam_12 4531 1 2 688 352
cam_12 4504 1 1 1107 409
cam_12 4515 1 1 896 380
cam_12 4539 1 2 800 331
cam_12 4521 1 1 856 363
cam_12 4518 1 1 1032 394
cam_12 4524 1 1 941 379
cam_12 4548 1 2 698 347
cam_12 4578 1 2 713 353
cam_12 4540 1 1 935 380
cam_12 4546 1 1 995 393
cam_12 4579 1 2 603 385
cam_12 4554 1 1 749 357
cam_12 4548 1 1 825 378
cam_12 4546 1 1 906 382
cam_12 4553 1 1 814 365
cam_12 4554 1 1 1001 389
cam_12 4573 1 2 794 370
cam_12 4560 1 1 897 378
cam_12 4566 1 1 1065 402
cam_12 4590 1 4 796 337
cam_12 4588 1 1 950 386
cam_12 4612 1 2 922 388
cam_12 4596 1 1 1006 396
cam_12 4612 1 2 761 356
cam_12 4608 1 1 1043 393
cam_12 4624 1 2 842 360
cam_12 4614 1 1 1028 396
cam_12 4614 1 1 813 363
cam_12 4616 1 1 762 370
cam_12 4623 1 2 692 343
cam_12 4617 1 1 1054 390
cam_12 4633 1 1 706 352
cam_12 4638 1 1 815 380
cam_12 4651 1 1 907 374
cam_12 4645 1 1 848 370
cam_12 4644 1 1 902 374
cam_12 4644 1 1 1061 411
cam_12 4650 1 1 831 365
cam_12 4657 1 1 917 389
cam_12 4657 1 1 878 389
cam_12 4669 1 1 920 378
cam_12 4668 1 1 863 364
cam_12 4675 1 2 935 383
cam_12 4669 1 1 766 365
cam_12 4672 1 1 869 366
cam_12 4678 1 2 676 356
cam_12 4681 1 1 829 362
cam_12 4674 1 1 1045 394
cam_12 4693 1 1 879 378
cam_12 4696 1 1 832 376
cam_12 4689 1 1 951 387
cam_12 4693 1 1 790 368
cam_12 4692 1 1 833 369
cam_12 4695 1 1 988 389
cam_12 4704 1 1 869 359
cam_12 4708 1 1 854 374
cam_12 4703 1 1 898 364
cam_12 4705 1 1 753 348
cam_12 4705 1 1 958 382
cam_12 4708 1 1 743 363
cam_12 4715 1 1 983 375
cam_12 4731 1 2 873 376
cam_12 4712 1 1 645 398
cam_12 4708 1 1 676 360
cam_12 4740 1 2 779 355
cam_12 4719 1 1 685 367
cam_12 4719 1 1 933 400
cam_12 4734 1 1 931 380
cam_12 4737 1 1 979 389
cam_12 4738 1 1 1015 403
cam_12 4741 1 1 879 370
cam_12 4737 1 1 914 411
cam_12 4747 1 1 876 359
cam_12 4764 1 1 1124 419
cam_12 4747 1 1 993 386
cam_12 4749 1 1 944 379
cam_12 4767 1 1 759 345
cam_12 4759 1 1 995 381
cam_12 4768 1 1 651 349
cam_12 4767 1 1 999 387
cam_12 4776 1 2 912 376
cam_12 4776 1 1 1000 388
cam_12 4785 1 1 989 374
cam_12 4792 1 2 858 350
cam_12 4771 1 1 1012 396
cam_12 4788 1 2 742 348
cam_12 4786 1 1 948 380
cam_12 4794 1 1 917 379
cam_12 4797 1 1 990 390
cam_12 4815 1 1 982 372
cam_12 4803 1 1 962 386
cam_12 4822 1 1 942 379
cam_12 4824 1 1 906 380
cam_12 4830 1 1 952 379
cam_12 4848 1 1 931 384
cam_12 4863 1 1 974 394
cam_12 4885 1 1 831 376
cam_12 4921 1 3 960 397
cam_12 4938 1 1 880 360
cam_12 4944 1 2 716 341
cam_12 4953 1 1 953 381
cam_12 4962 1 1 672 342
cam_12 4989 1 1 954 384
cam_12 5010 1 2 718 339
cam_12 5001 1 1 1000 391
cam_12 5001 1 1 943 383
cam_12 5010 1 1 849 379
cam_12 5008 1 1 817 368
cam_12 5008 1 1 882 364
cam_12 5004 1 1 1074 405
cam_12 5010 1 1 934 389
cam_12 5017 1 1 1009 393
cam_12 5020 1 2 904 384
cam_12 5025 1 1 1003 395
cam_12 5025 1 1 813 362
cam_12 5037 1 1 1029 397
cam_12 5040 1 2 771 352
cam_12 5035 1 1 952 385
cam_12 5050 1 2 794 368
cam_12 5044 1 1 951 389
cam_12 5043 1 1 1002 401
cam_12 5044 1 1 871 354
cam_12 5065 1 2 774 365
cam_12 5070 1 2 889 357
cam_12 5068 1 1 990 375
cam_12 5101 1 2 780 327
cam_12 5103 1 1 1048 406
cam_12 5104 1 2 894 377
cam_12 5106 1 1 983 393
cam_12 5134 1 2 838 357
cam_12 5131 1 2 704 348
cam_12 5136 1 2 634 391
cam_12 5133 1 1 952 379
cam_12 5115 1 1 1001 403
cam_12 5134 1 1 919 381
cam_12 5136 1 1 945 400
cam_12 5148 1 2 773 352
cam_12 5149 1 2 685 354
cam_12 5166 1 1 947 396
cam_12 5155 1 1 976 389
cam_12 5167 1 4 755 365
cam_12 5175 1 1 897 377
cam_12 5161 1 1 896 379
cam_12 5179 1 1 833 376
cam_12 5169 1 1 874 371
cam_12 5164 1 1 844 374
cam_12 5178 1 1 1004 392
cam_12 5190 1 1 1003 396
cam_12 5188 1 1 930 379
cam_12 5187 1 1 886 377
cam_12 5205 1 2 885 362
cam_12 5208 1 2 696 346
cam_12 5199 1 1 992 371
cam_12 5207 1 1 668 390
cam_12 5202 1 1 785 365
cam_12 5232 1 1 814 360
cam_12 5220 1 1 814 369
cam_12 5232 1 1 874 361
cam_12 5226 1 1 840 361
cam_12 5242 1 1 955 388
cam_12 5245 1 2 763 352
cam_12 5233 1 1 1022 400
cam_12 5242 1 1 903 364
cam_12 5256 1 2 674 349
cam_12 5254 1 1 1021 403
cam_12 5248 1 1 895 359
cam_12 5251 1 1 866 367
cam_12 5244 1 1 861 365
cam_12 5271 1 2 861 370
cam_12 5281 1 1 981 393
cam_12 5278 1 1 931 383
cam_12 5284 1 1 895 382
cam_12 5293 1 1 932 384
cam_12 5312 1 2 874 356
cam_12 5313 1 1 679 345
cam_12 5296 1 1 977 394
cam_12 5307 1 1 769 360
cam_12 5307 1 1 999 395
cam_12 5322 1 1 818 356
cam_12 5317 1 1 974 399
cam_12 5328 1 1 982 375
cam_12 5326 1 1 942 381
cam_12 5328 1 1 1040 405
cam_12 5345 1 1 871 359
cam_12 5350 1 1 924 372
cam_12 5371 1 1 870 368
cam_12 5376 1 1 897 385
cam_12 5389 1 1 819 358
cam_12 5388 1 1 976 389
cam_12 5518 1 2 700 349
cam_12 5553 1 1 657 347
cam_12 5569 1 1 775 361
cam_12 5587 1 1 914 408
cam_12 5610 1 1 957 387
cam_12 5598 1 1 997 387
cam_12 5610 1 2 855 359
cam_12 5601 1 1 950 387
cam_12 5617 1 1 916 383
cam_12 5626 1 1 822 369
cam_12 5622 1 1 871 371
cam_12 5617 1 1 960 401
cam_12 5641 1 2 763 353
cam_12 5626 1 1 905 394
cam_12 5623 1 1 959 424
cam_12 5626 1 1 1061 413
cam_12 5629 1 1 787 353
cam_12 5620 1 1 1012 407
cam_12 5631 1 1 889 378
cam_12 5638 1 1 858 375
cam_12 5632 1 1 1074 403
cam_12 5632 1 1 954 394
cam_12 5638 1 1 1038 407
cam_12 5640 1 1 818 363
cam_12 5638 1 1 892 397
cam_12 5653 1 2 850 368
cam_12 5641 1 1 973 399
cam_12 5658 1 1 935 398
cam_12 5662 1 2 681 353
cam_12 5643 1 1 957 422
cam_12 5643 1 1 1021 434
cam_12 5679 1 1 925 386
cam_12 5656 1 1 876 380
cam_12 5653 1 1 1024 400
cam_12 5652 1 1 966 400
cam_12 5676 1 2 721 355
cam_12 5653 1 1 1097 413
cam_12 5668 1 2 829 363
cam_12 5668 1 1 1051 405
cam_12 5667 1 1 916 384
cam_12 5662 1 1 959 398
cam_12 5668 1 1 1100 418
cam_12 5677 1 1 982 389
cam_12 5670 1 1 963 399
cam_12 5668 1 1 1014 419
cam_12 5680 1 1 1014 398
cam_12 5679 1 1 895 378
cam_12 5661 1 1 1103 415
cam_12 5698 1 2 778 354
cam_12 5700 1 2 676 366
cam_12 5665 1 1 940 403
cam_12 5670 1 1 871 376
cam_12 5679 1 1 1067 406
cam_12 5700 1 2 893 362
cam_12 5679 1 1 1111 411
cam_12 5694 1 1 998 395
cam_12 5703 1 1 987 401
cam_12 5724 1 2 875 355
cam_12 5733 1 2 765 354
cam_12 5700 1 1 1064 407
cam_12 5709 1 1 1059 400
cam_12 5728 1 2 951 387
cam_12 5751 1 2 700 342
cam_12 5757 1 1 655 349
cam_12 5751 1 2 862 370
cam_12 5761 1 1 868 364
cam_12 5736 1 1 1012 393
cam_12 5752 1 1 917 381
cam_12 5779 1 2 757 354
cam_12 5779 1 2 877 417
cam_12 5799 1 2 695 350
cam_12 5779 1 2 844 362
cam_12 5806 1 2 863 373
cam_12 5803 1 1 1019 398
cam_12 5814 1 4 669 357
cam_12 5817 1 1 977 405
cam_12 5818 1 2 805 361
cam_12 5803 1 1 1064 404
cam_12 5809 1 1 914 385
cam_12 5862 1 4 767 369
cam_12 5830 1 1 1013 402
cam_12 5857 1 2 747 375
cam_12 5884 1 2 679 350
cam_12 5878 1 2 879 369
cam_12 5916 1 2 775 350
cam_12 5902 1 3 1038 427
cam_12 5908 1 1 901 377
cam_12 5902 1 1 848 378
cam_12 5912 1 1 846 359
cam_12 5929 1 2 934 380
cam_12 5921 1 1 781 406
cam_12 5933 1 1 731 347
cam_12 5926 1 1 804 375
cam_12 5964 1 1 851 376
cam_12 5947 1 2 891 375
cam_12 5963 1 1 853 364
cam_12 5959 1 1 941 391
cam_12 5983 1 1 926 385
cam_12 5977 1 1 1005 390
cam_12 5977 1 1 861 368
cam_12 5974 1 1 787 359
cam_12 6018 1 1 797 364
cam_12 6033 1 1 808 367
cam_12 6079 1 1 809 361
cam_12 6085 1 2 708 346
cam_12 6104 1 1 841 366
cam_12 6103 1 1 689 365
cam_12 6105 1 1 825 376
cam_12 6136 1 1 823 374
cam_12 6178 1 1 800 357
cam_12 6183 1 1 874 360
cam_12 6214 1 1 858 376
cam_12 6196 1 2 911 381
cam_12 6211 1 1 755 367
cam_12 6210 1 1 775 372
cam_12 6190 1 1 787 366
cam_12 6183 1 1 799 363
cam_12 6199 1 1 958 402
cam_12 6208 1 1 896 387
cam_12 6204 1 1 755 361
cam_12 6205 1 1 950 395
cam_12 6216 1 1 950 390
cam_12 6211 1 1 816 371
cam_12 6199 1 1 865 399
cam_12 6213 1 1 801 392
cam_12 6213 1 1 1056 406
cam_12 6216 1 1 905 414
cam_12 6228 1 1 855 380
cam_12 6216 1 1 1000 395
cam_12 6234 1 2 754 357
cam_12 6228 1 1 970 391
cam_12 6237 1 2 797 374
cam_12 6232 1 1 885 395
cam_12 6234 1 2 999 403
cam_12 6237 1 1 1059 406
cam_12 6237 1 1 912 389
cam_12 6255 1 2 698 344
cam_12 6246 1 1 1012 398
cam_12 6250 1 1 948 387
cam_12 6249 1 1 1055 407
cam_12 6273 1 2 761 319
cam_12 6267 1 2 940 387
cam_12 6256 1 1 847 373
cam_12 6261 1 1 767 364
cam_12 6280 1 2 774 362
cam_12 6279 1 1 891 380
cam_12 6271 1 1 871 379
cam_12 6271 1 1 844 371
cam_12 6270 1 1 1014 404
cam_12 6286 1 2 696 348
cam_12 6282 1 1 1049 404
cam_12 6280 1 1 834 378
cam_12 6301 1 2 787 354
cam_12 6292 1 1 1017 402
cam_12 6292 1 1 967 390
cam_12 6295 1 1 905 387
cam_12 6295 1 1 757 363
cam_12 6304 1 2 680 350
cam_12 6297 1 1 834 375
cam_12 6313 1 1 891 374
cam_12 6329 1 2 685 350
cam_12 6321 1 1 956 391
cam_12 6327 1 1 975 388
cam_12 6345 1 2 779 359
cam_12 6351 1 1 940 379
cam_12 6348 1 1 865 361
cam_12 6358 1 1 953 390
cam_12 6370 1 1 877 367
cam_12 6372 1 1 968 386
cam_12 6373 1 1 847 370
cam_12 6378 1 1 911 381
cam_12 6390 1 2 857 369
cam_12 6369 1 1 811 360
cam_12 6382 1 1 1000 395
cam_12 6385 1 1 778 354
cam_12 6379 1 1 1086 390
cam_12 6400 1 1 889 379
cam_12 6402 1 1 835 367
cam_12 6397 1 1 967 390
cam_12 6390 1 1 721 346
cam_12 6400 1 1 1063 423
cam_12 6421 1 2 700 350
cam_12 6412 1 1 903 379
cam_12 6406 1 1 768 392
cam_12 6415 1 1 860 367
cam_12 6436 1 2 632 364
cam_12 6435 1 1 1011 396
cam_12 6436 1 1 957 404
cam_12 6429 1 1 988 401
cam_12 6426 1 1 1019 396
cam_12 6436 1 2 877 384
cam_12 6427 1 2 806 369
cam_12 6427 1 1 1080 417
cam_12 6436 1 1 743 374
cam_12 6439 1 1 998 388
cam_12 6471 1 2 882 372
cam_12 6462 1 2 829 364
cam_12 6452 1 1 553 398
cam_12 6474 1 2 692 349
cam_12 6462 1 1 979 389
cam_12 6465 1 1 1077 387
cam_12 6492 1 2 861 377
cam_12 6475 1 1 930 396
cam_12 6465 1 1 669 342
cam_12 6471 1 1 1027 391
cam_12 6495 1 2 758 358
cam_12 6484 1 1 986 394
cam_12 6489 1 1 1020 394
cam_12 6504 1 1 824 373
cam_12 6495 1 1 667 345
cam_12 6487 1 1 959 395
cam_12 6496 1 1 782 379
cam_12 6496 1 1 956 418
cam_12 6498 1 1 1040 405
cam_12 6499 1 1 992 406
cam_12 6511 1 2 673 350
cam_12 6496 1 1 1108 415
cam_12 6502 1 1 901 404
cam_12 6508 1 1 1058 404
cam_12 6510 1 1 993 402
cam_12 6517 1 1 823 361
cam_12 6511 1 1 1036 420
cam_12 6529 1 2 688 346
cam_12 6525 1 1 826 372
cam_12 6532 1 1 987 373
cam_12 6522 1 1 878 365
cam_12 6519 1 1 784 361
cam_12 6537 1 1 1021 401
cam_12 6520 1 1 986 394
cam_12 6540 1 2 792 352
cam_12 6535 1 1 974 394
cam_12 6538 1 1 1100 404
cam_12 6544 1 1 963 378
cam_12 6550 1 1 1038 403
cam_12 6591 1 1 943 387
cam_12 6620 1 1 982 372
cam_12 7852 1 1 1121 422
cam_12 6750 1 1 783 356
cam_12 6749 1 1 865 364
cam_12 6745 1 1 689 350
cam_12 6753 1 1 905 404
cam_12 6760 1 1 892 372
cam_12 6763 1 1 937 400
cam_12 6763 1 1 810 380
cam_12 6774 1 1 810 362
cam_12 6777 1 1 956 390
cam_12 6786 1 1 928 394
cam_12 6808 1 2 682 355
cam_12 6786 1 1 850 369
cam_12 6798 1 2 769 356
cam_12 6810 1 1 1042 411
cam_12 6796 1 1 864 368
cam_12 6814 1 2 828 363
cam_12 6808 1 1 897 418
cam_12 6843 1 2 839 357
cam_12 6820 1 1 900 374
cam_12 6831 1 1 951 381
cam_12 6853 1 2 881 372
cam_12 6834 1 1 988 396
cam_12 6838 1 1 972 398
cam_12 6864 1 2 703 352
cam_12 6846 1 1 1061 383
cam_12 6873 1 2 878 368
cam_12 6876 1 2 682 349
cam_12 6886 1 2 724 356
cam_12 6861 1 1 973 394
cam_12 6867 1 1 1011 397
cam_12 6874 1 1 970 387
cam_12 6898 1 2 855 367
cam_12 6883 1 1 1011 397
cam_12 6909 1 2 691 357
cam_12 6885 1 1 956 394
cam_12 6894 1 1 974 390
cam_12 6910 1 2 854 373
cam_12 6904 1 1 957 388
cam_12 6906 1 1 1052 379
cam_12 6928 1 2 658 365
cam_12 6921 1 1 960 384
cam_12 6924 1 1 921 396
cam_12 6925 1 1 989 390
cam_12 6942 1 1 916 407
cam_12 6936 1 1 849 386
cam_12 6936 1 1 773 363
cam_12 6936 1 1 873 398
cam_12 6943 1 1 845 382
cam_12 6934 1 1 868 420
cam_12 7018 1 1 1179 417
cam_12 6948 1 1 997 395
cam_12 6957 1 1 1003 401
cam_12 6966 1 1 844 368
cam_12 6961 1 1 814 365
cam_12 6966 1 1 762 356
cam_12 6964 1 1 897 388
cam_12 6968 1 1 646 400
cam_12 6982 1 1 828 372
cam_12 6967 1 1 881 364
cam_12 6985 1 1 863 412
cam_12 6971 1 1 671 372
cam_12 6993 1 1 699 348
cam_12 6973 1 1 757 365
cam_12 6973 1 1 722 357
cam_12 6984 1 1 879 371
cam_12 7012 1 2 880 367
cam_12 6976 1 1 679 357
cam_12 6996 1 1 1006 394
cam_12 7014 1 2 776 358
cam_12 7002 1 1 1007 403
cam_12 7003 1 1 990 418
cam_12 7011 1 1 1010 392
cam_12 7024 1 2 695 345
cam_12 7033 1 1 775 367
cam_12 7041 1 1 939 388
cam_12 7018 1 1 945 385
cam_12 7042 1 2 852 367
cam_12 7018 1 1 1005 392
cam_12 7024 1 1 790 360
cam_12 7014 1 1 668 350
cam_12 7021 1 1 1037 390
cam_12 7026 1 1 952 387
cam_12 7060 1 1 954 388
cam_12 7054 1 1 839 374
cam_12 7027 1 1 744 373
cam_12 7038 1 1 1023 398
cam_12 7036 1 1 972 391
cam_12 7047 1 1 919 389
cam_12 7065 1 2 863 381
cam_12 7057 1 1 1072 407
cam_12 7062 1 1 994 396
cam_12 7078 1 1 742 358
cam_12 7068 1 1 1027 398
cam_12 7069 1 1 1069 405
cam_12 7077 1 1 807 371
cam_12 7093 1 2 782 378
cam_12 7078 1 1 910 385
cam_12 7084 1 1 999 402
cam_12 7084 1 1 904 391
cam_12 7093 1 1 713 356
cam_12 7096 1 1 975 396
cam_12 7092 1 1 895 406
cam_12 7113 1 2 804 375
cam_12 7101 1 1 880 367
cam_12 7101 1 1 937 387
cam_12 7105 1 1 911 394
cam_12 7164 1 2 895 380
cam_12 7110 1 1 874 366
cam_12 7110 1 1 1025 396
cam_12 7113 1 1 870 409
cam_12 7113 1 1 968 399
cam_12 7138 1 2 778 356
cam_12 7105 1 1 717 367
cam_12 7132 1 1 980 398
cam_12 7120 1 1 908 395
cam_12 7141 1 1 1013 403
cam_12 7152 1 1 960 386
cam_12 7179 1 1 917 390
cam_12 7219 1 1 1014 406
cam_12 7258 1 2 696 342
cam_12 7395 1 1 945 389
cam_12 7387 1 1 1034 400
cam_12 7398 1 1 960 422
cam_12 7407 1 1 853 381
cam_12 7405 1 1 871 377
cam_12 7414 1 1 884 378
cam_12 7419 1 1 978 387
cam_12 7423 1 1 865 404
cam_12 7429 1 2 747 356
cam_12 7428 1 1 927 390
cam_12 7438 1 1 854 390
cam_12 7434 1 1 824 382
cam_12 7423 1 1 1048 399
cam_12 7429 1 1 820 391
cam_12 7431 1 1 867 391
cam_12 7419 1 1 855 374
cam_12 7432 1 1 878 422
cam_12 7438 1 1 1018 419
cam_12 7440 1 1 962 402
cam_12 7438 1 1 1054 403
cam_12 7420 1 1 794 384
cam_12 7431 1 1 913 400
cam_12 7437 1 1 964 396
cam_12 7444 1 1 853 394
cam_12 7440 1 1 808 374
cam_12 7464 1 2 856 373
cam_12 7450 1 1 913 404
cam_12 7446 1 1 961 400
cam_12 7459 1 2 699 360
cam_12 7446 1 1 1036 401
cam_12 7474 1 1 863 371
cam_12 7464 1 1 1033 409
cam_12 7453 1 1 1073 412
cam_12 7459 1 1 1002 404
cam_12 7456 1 1 977 402
cam_12 7464 1 1 773 382
cam_12 7470 1 1 1080 386
cam_12 7480 1 2 677 345
cam_12 7479 1 1 859 371
cam_12 7503 1 2 867 379
cam_12 7504 1 2 727 350
cam_12 7482 1 1 979 384
cam_12 7489 1 1 1005 392
cam_12 7501 1 1 953 390
cam_12 7531 1 2 880 370
cam_12 7534 1 2 773 377
cam_12 7551 1 2 689 348
cam_12 7536 1 1 791 360
cam_12 7552 1 2 861 371
cam_12 7561 1 2 771 351
cam_12 7571 1 2 883 354
cam_12 7563 1 1 1015 386
cam_12 7590 1 2 860 377
cam_12 7567 1 1 959 394
cam_12 7575 1 1 765 357
cam_12 7578 1 1 999 386
cam_12 7591 1 1 907 387
cam_12 7591 1 1 1009 397
cam_12 7594 1 1 781 363
cam_12 7603 1 1 764 359
cam_12 7611 1 1 883 361
cam_12 7626 1 2 873 368
cam_12 7633 1 1 848 363
cam_12 7629 1 1 779 366
cam_12 7632 1 1 977 387
cam_12 7634 1 2 693 345
cam_12 7645 1 1 867 364
cam_12 7650 1 1 730 371
cam_12 7643 1 1 908 384
cam_12 7648 1 1 755 376
cam_12 7650 1 1 847 411
cam_12 7663 1 1 966 394
cam_12 7680 1 2 871 363
cam_12 7683 1 1 940 391
cam_12 7695 1 1 971 384
cam_12 7693 1 1 968 412
cam_12 7710 1 3 848 336
cam_12 7704 1 1 1015 396
cam_12 7717 1 1 942 390
cam_12 7722 1 1 1027 393
cam_12 7723 1 1 943 389
cam_12 7726 1 1 887 372
cam_12 7728 1 1 953 378
cam_12 7735 1 1 933 383
cam_12 7738 1 1 847 371
cam_12 7746 1 1 1015 394
cam_12 7754 1 1 861 367
cam_12 7756 1 1 978 391
cam_12 7753 1 1 1063 405
cam_12 7747 1 1 878 390
cam_12 7764 1 1 867 366
cam_12 7768 1 1 927 383
cam_12 7779 1 1 975 391
cam_12 7767 1 1 1039 399
cam_12 7765 1 1 944 385
cam_12 7780 1 1 1026 395
cam_12 7780 1 1 1072 397
cam_12 7786 1 1 949 391
cam_12 7786 1 1 910 381
cam_12 7804 1 1 974 397
cam_12 7803 1 1 952 391
cam_12 7809 1 1 1037 399
cam_12 7818 1 4 671 350
cam_12 7813 1 1 945 400
cam_12 7822 1 1 1038 403
cam_12 7827 1 1 914 383
cam_12 7827 1 1 965 393
cam_12 7839 1 1 897 376
cam_12 7904 1 1 905 374
cam_12 7909 1 1 842 368
cam_12 7911 1 1 973 391
cam_12 7942 1 2 781 339
cam_12 7918 1 1 828 369
cam_12 7932 1 1 943 385
cam_12 7932 1 1 1025 407
cam_12 7930 1 1 1072 423
cam_12 7933 1 1 976 389
cam_12 7938 1 1 1092 402
cam_12 7950 1 1 981 394
cam_12 7962 1 1 975 403
cam_12 7978 1 1 823 383
cam_12 7956 1 1 1025 396
cam_12 7974 1 2 846 368
cam_12 7966 1 1 906 385
cam_12 7966 1 1 784 363
cam_12 7966 1 1 1042 401
cam_12 7965 1 1 740 357
cam_12 7975 1 1 892 391
cam_12 7998 1 2 764 356
cam_12 7978 1 1 984 388
cam_12 7962 1 1 939 396
cam_12 7981 1 1 906 390
cam_12 7980 1 1 1018 411
cam_12 7995 1 2 857 364
cam_12 8019 1 2 779 368
cam_12 8023 1 1 875 377
cam_12 7987 1 1 687 354
cam_12 7998 1 1 901 392
cam_12 8008 1 1 946 405
cam_12 8020 1 1 953 395
cam_12 8029 1 2 683 351
cam_12 8025 1 1 903 394
cam_12 8008 1 4 1033 423
cam_12 8022 1 1 1025 398
cam_12 8022 1 1 1086 384
cam_12 8031 1 1 829 367
cam_12 8041 1 2 752 359
cam_12 8032 1 1 953 388
cam_12 8047 1 2 851 375
cam_12 8032 1 1 1035 392
cam_12 8029 1 1 1092 420
cam_12 8032 1 1 997 411
cam_12 8041 1 1 1011 396
cam_12 8046 1 1 1058 412
cam_12 8058 1 1 910 374
cam_12 8049 1 1 1016 400
cam_12 8055 1 1 1073 385
cam_12 8073 1 2 770 362
cam_12 8041 1 1 942 399
cam_12 8064 1 1 893 381
cam_12 8064 1 1 999 397
cam_12 8059 1 1 958 395
cam_12 8068 1 1 1079 383
cam_12 8071 1 1 866 365
cam_12 8076 1 1 1072 408
cam_12 8076 1 1 973 397
cam_12 8088 1 1 1026 405
cam_12 8085 1 1 764 361
cam_12 8101 1 4 705 361
cam_12 8088 1 1 959 402
cam_12 8094 1 2 818 364
cam_12 8089 1 1 1088 390
cam_12 8100 1 1 956 393
cam_12 8101 1 1 844 374
cam_12 8106 1 1 940 385
cam_12 8101 1 1 893 382
cam_12 8104 1 1 831 409
cam_12 8103 1 1 1056 404
cam_12 8113 1 1 1001 395
cam_12 8112 1 1 1054 388
cam_12 8118 1 1 976 402
cam_12 8121 1 2 761 366
cam_12 8151 1 1 843 375
cam_12 8142 1 1 979 380
cam_12 8164 1 2 755 358
cam_12 8160 1 2 861 370
cam_12 8154 1 1 960 400
cam_12 8167 1 1 896 381
cam_12 8178 1 1 804 370
cam_12 8176 1 1 893 382
cam_12 8163 1 1 1029 404
cam_12 8208 1 1 748 360
cam_12 8187 1 1 856 372
cam_12 8218 1 2 762 356
cam_12 8202 1 1 847 409
cam_12 8211 1 1 882 371
cam_12 8250 1 2 847 359
cam_12 8224 1 2 631 385
cam_12 8245 1 2 954 383
cam_12 8235 1 1 933 381
cam_12 8239 1 2 842 362
cam_12 8245 1 2 690 343
cam_12 8250 1 2 730 361
cam_12 8274 1 2 853 365
cam_12 8322 1 1 740 366
cam_12 8353 1 1 1031 405
cam_12 8337 1 1 984 403
cam_12 8463 1 1 1055 411
cam_12 8458 1 1 960 383
cam_12 8473 1 1 819 374
cam_12 8475 1 1 700 348
cam_12 8473 1 1 906 389
cam_12 8475 1 1 889 412
cam_12 8482 1 1 892 380
cam_12 8477 1 1 802 358
cam_12 8485 1 1 1011 404
cam_12 8484 1 1 710 345
cam_12 8485 1 1 829 369
cam_12 8497 1 2 673 358
cam_12 8494 1 1 988 398
cam_12 8481 1 1 995 395
cam_12 8509 1 2 775 357
cam_12 8497 1 1 1048 401
cam_12 8496 1 1 856 375
cam_12 8496 1 1 903 393
cam_12 8497 1 1 818 373
cam_12 8505 1 1 1037 392
cam_12 8497 1 1 987 396
cam_12 8524 1 2 856 375
cam_12 8529 1 1 974 394
cam_12 8514 1 1 995 392
cam_12 8503 1 1 875 364
cam_12 8508 1 1 982 397
cam_12 8532 1 2 708 359
cam_12 8520 1 1 1054 411
cam_12 8520 1 1 971 397
cam_12 8526 1 1 1010 400
cam_12 8527 1 4 897 403
cam_12 8529 1 1 1055 396
cam_12 8548 1 2 625 362
cam_12 8553 1 2 753 365
cam_12 8545 1 1 800 375
cam_12 8541 1 1 883 378
cam_12 8559 1 2 865 369
cam_12 8533 1 1 785 363
cam_12 8542 1 1 833 365
cam_12 8551 1 1 970 388
cam_12 8551 1 1 1022 408
cam_12 8581 1 2 835 361
cam_12 8556 1 1 978 379
cam_12 8575 1 1 1011 399
cam_12 8575 1 1 946 386
cam_12 8578 1 2 687 343
cam_12 8590 1 2 897 384
cam_12 8571 1 1 1010 389
cam_12 8562 1 1 762 361
cam_12 8565 1 1 965 392
cam_12 8599 1 1 984 402
cam_12 8598 1 1 800 360
cam_12 8608 1 1 979 397
cam_12 8614 1 1 884 378
cam_12 8614 1 2 720 356
cam_12 8607 1 1 1059 398
cam_12 8634 1 2 864 377
cam_12 8624 1 1 987 376
cam_12 8625 1 1 949 392
cam_12 8625 1 1 1044 398
cam_12 8635 1 2 948 397
cam_12 8667 1 2 857 361
cam_12 8638 1 1 1054 393
cam_12 8652 1 1 968 389
cam_12 8647 1 1 1037 395
cam_12 8643 1 1 961 394
cam_12 8659 1 2 709 352
cam_12 8682 1 2 760 355
cam_12 8692 1 2 862 377
cam_12 8664 1 1 1033 406
cam_12 8680 1 2 958 384
cam_12 8685 1 2 675 344
cam_12 8688 1 1 990 396
cam_12 8722 1 2 843 360
cam_12 8691 1 1 957 390
cam_12 8700 1 2 701 347
cam_12 8697 1 1 971 387
cam_12 8695 1 1 1039 391
cam_12 8742 1 2 853 371
cam_12 8700 1 1 915 387
cam_12 8716 1 1 1054 407
cam_12 8727 1 2 716 351
cam_12 8718 1 1 958 394
cam_12 8733 1 1 1080 384
cam_12 8734 1 1 779 354
cam_12 8743 1 2 701 353
cam_12 8730 1 4 984 401
cam_12 8734 1 1 1050 404
cam_12 8739 1 1 914 390
cam_12 8754 1 1 982 373
cam_12 8758 1 2 812 366
cam_12 8754 1 2 705 344
cam_12 8749 1 1 944 388
cam_12 8749 1 1 1033 396
cam_12 8772 1 1 792 379
cam_12 8769 1 1 900 383
cam_12 8779 1 2 784 360
cam_12 8767 1 1 774 369
cam_12 8775 1 1 898 376
cam_12 8788 1 1 964 391
cam_12 8784 1 1 1000 389
cam_12 8790 1 1 716 348
cam_12 8793 1 1 893 393
cam_12 8808 1 1 1029 402
cam_12 8812 1 2 764 360
cam_12 8818 1 1 950 388
cam_12 8829 1 2 695 349
cam_12 8826 1 1 946 395
cam_12 8838 1 1 937 422
cam_12 8868 1 1 872 369
cam_12 8883 1 1 876 384
cam_12 8899 1 1 674 347
cam_12 8914 1 1 975 390
cam_12 8925 1 1 794 368
cam_12 8948 1 1 812 366
cam_12 8998 1 1 1046 409
cam_12 9003 1 1 751 371
cam_12 9063 1 1 1034 395
cam_12 9085 1 1 1053 408
cam_12 9102 1 1 741 358
cam_12 9109 1 1 833 374
cam_12 9109 1 1 947 385
cam_12 9120 1 1 944 388
cam_12 9127 1 2 701 354
cam_12 9112 1 1 803 378
cam_12 9120 1 1 997 397
cam_12 9133 1 1 959 400
cam_12 9138 1 1 879 361
cam_12 9145 1 2 739 358
cam_12 9141 1 1 1025 405
cam_12 9138 1 1 896 383
cam_12 9141 1 1 897 405
cam_12 9145 1 1 1071 405
cam_12 9148 1 1 950 379
cam_12 9184 1 2 778 367
cam_12 9187 1 1 686 341
cam_12 9171 1 1 955 388
cam_12 9168 1 1 1036 414
cam_12 9166 1 1 749 363
cam_12 9213 1 2 688 348
cam_12 9198 1 1 863 369
cam_12 9232 1 2 692 344
cam_12 9210 1 1 908 380
cam_12 9214 1 1 829 388
cam_12 9237 1 1 876 373
cam_12 9255 1 1 864 364
cam_12 9244 1 1 762 364
cam_12 9267 1 2 771 345
cam_12 9267 1 1 848 366
cam_12 9267 1 1 887 391
cam_12 9276 1 1 938 389
cam_12 9271 1 1 815 359
cam_12 9289 1 1 949 382
cam_12 9286 1 2 719 349
cam_12 9290 1 1 871 368
cam_12 9292 1 1 937 389
cam_12 9301 1 1 870 359
cam_12 9290 1 1 772 367
cam_12 9304 1 1 834 367
cam_12 9345 1 2 989 402
cam_12 9336 1 1 1081 388
cam_12 9349 1 1 792 365
cam_12 9351 1 1 847 380
cam_12 9363 1 1 696 355
cam_12 9361 1 1 915 389
cam_12 9370 1 1 837 368
cam_12 9373 1 1 914 381
cam_12 9378 1 1 953 383
cam_12 9391 1 1 861 363
cam_12 9399 1 2 719 352
cam_12 9414 1 1 917 381
cam_12 9429 1 2 827 364
cam_12 9423 1 1 986 376
cam_12 9430 1 1 984 376
cam_12 9429 1 1 903 378
cam_12 9441 1 4 780 368
cam_12 9441 1 1 950 388
cam_12 9457 1 1 824 372
cam_12 9448 1 1 902 369
cam_12 9452 1 1 990 376
cam_12 9480 1 2 858 367
cam_12 9457 1 1 918 380
cam_12 9460 1 1 992 396
cam_12 9477 1 2 954 368
cam_12 9484 1 2 687 347
cam_12 9520 1 1 985 401
cam_12 9693 1 1 727 355
cam_12 9711 1 1 770 374
cam_12 9717 1 1 968 391
cam_12 9726 1 1 814 370
cam_12 9723 1 1 896 378
cam_12 9721 1 1 1036 406
cam_12 9726 1 1 857 387
cam_12 9723 1 1 958 394
cam_12 9726 1 1 925 397
cam_12 9735 1 1 889 379
cam_12 9742 1 2 743 362
cam_12 9736 1 1 946 386
cam_12 9748 1 1 878 374
cam_12 9751 1 1 807 366
cam_12 9745 1 1 954 391
cam_12 9760 1 1 883 382
cam_12 9750 1 1 951 392
cam_12 9759 1 1 954 391
cam_12 9760 1 1 1087 387
cam_12 9775 1 2 856 375
cam_12 9751 1 1 1013 395
cam_12 9766 1 1 1031 408
cam_12 9798 1 2 773 365
cam_12 9768 1 1 919 397
cam_12 9781 1 1 900 382
cam_12 9783 1 1 1052 393
cam_12 9792 1 1 984 396
cam_12 9789 1 1 875 374
cam_12 9793 1 1 1074 385
cam_12 9789 1 1 947 391
cam_12 9792 1 1 851 378
cam_12 9820 1 2 816 370
cam_12 9796 1 1 932 391
cam_12 9807 1 1 869 361
cam_12 9814 1 1 916 393
cam_12 9837 1 2 679 351
cam_12 9844 1 2 855 347
cam_12 9816 1 1 974 392
cam_12 9819 1 1 1020 399
cam_12 9853 1 2 708 361
cam_12 9867 1 2 875 374
cam_12 9879 1 2 709 352
cam_12 9913 1 2 867 371
cam_12 9910 1 2 752 355
cam_12 9931 1 2 884 358
cam_12 9934 1 1 1039 400
cam_12 9936 1 2 787 367
cam_12 9952 1 2 892 384
cam_12 9949 1 1 815 360
cam_12 9972 1 2 766 354
cam_12 9997 1 2 878 392
cam_12 9975 1 1 982 378
cam_12 9973 1 1 1038 416
cam_12 10005 1 2 766 352
cam_12 9988 1 1 1073 400
cam_12 10029 1 2 856 368
cam_12 9988 1 1 1017 403
cam_12 10023 1 2 699 348
cam_12 10048 1 2 862 375
cam_12 10036 1 2 679 351
cam_12 10047 1 1 963 397
cam_12 10042 1 1 918 395
cam_12 10036 1 1 1043 391
cam_12 10050 1 1 717 350
cam_12 10050 1 1 907 395
cam_12 10051 1 1 758 359
cam_12 10057 1 1 780 360
cam_12 10071 1 1 886 377
cam_12 10078 1 1 781 354
cam_12 10111 1 1 868 364
cam_12 10141 1 1 1076 391
cam_12 10354 1 1 937 390
cam_12 10359 1 1 993 413
cam_12 10335 1 1 859 366
cam_12 10363 1 1 1042 417
cam_12 10347 1 1 869 366
cam_12 10341 1 1 885 374
cam_12 10365 1 1 885 393
cam_12 10357 1 1 1066 426
cam_12 10357 1 1 860 388
cam_12 10348 1 1 894 378
cam_12 10365 1 1 818 384
cam_12 10357 1 1 1095 411
cam_12 10353 1 1 839 375
cam_12 10371 1 1 961 404
cam_12 10377 1 1 899 386
cam_12 10384 1 1 846 363
cam_12 10371 1 1 1036 391
cam_12 10384 1 1 738 371
cam_12 10378 1 1 1070 408
cam_12 10386 1 1 1000 399
cam_12 10399 1 2 878 372
cam_12 10429 1 2 763 351
cam_12 10386 1 1 799 382
cam_12 10384 1 1 1040 402
cam_12 10393 1 1 1018 392
cam_12 10396 1 1 1044 405
cam_12 10416 1 2 855 360
cam_12 10414 1 2 667 353
cam_12 10396 1 1 985 401
cam_12 10417 1 1 867 385
cam_12 10390 1 1 949 404
cam_12 10419 1 1 1043 397
cam_12 10446 1 2 840 363
cam_12 10422 1 1 966 390
cam_12 10423 1 1 1102 408
cam_12 10446 1 2 675 352
cam_12 10438 1 1 939 382
cam_12 10447 1 1 948 384
cam_12 10476 1 2 692 347
cam_12 10476 1 2 848 366
cam_12 10456 1 1 1032 400
cam_12 10455 1 1 966 397
cam_12 10467 1 1 1006 395
cam_12 10479 1 1 917 379
cam_12 10471 1 1 956 386
cam_12 10498 1 2 691 351
cam_12 10479 1 1 955 391
cam_12 10489 1 1 945 392
cam_12 10513 1 2 860 370
cam_12 10497 1 1 949 385
cam_12 10518 1 2 705 358
cam_12 10524 1 2 864 374
cam_12 10510 1 1 1014 395
cam_12 10513 1 1 993 411
cam_12 10518 1 1 945 388
cam_12 10521 1 1 1009 390
cam_12 10521 1 1 975 398
cam_12 10546 1 2 865 380
cam_12 10522 1 1 1042 401
cam_12 10546 1 2 696 359
cam_12 10527 1 1 1014 396
cam_12 10537 1 1 1056 397
cam_12 10536 1 1 965 383
cam_12 10563 1 4 706 362
cam_12 10555 1 3 790 379
cam_12 10564 1 1 984 401
cam_12 10563 1 1 773 377
cam_12 10561 1 1 969 390
cam_12 10597 1 2 684 350
cam_12 10584 1 1 865 363
cam_12 10599 1 2 873 369
cam_12 10608 1 1 780 359
cam_12 10654 1 1 953 371
cam_12 10669 1 1 807 369
cam_12 10701 1 1 744 370
cam_12 10699 1 1 857 369
cam_12 10719 1 1 946 378
cam_12 10920 1 4 769 361
cam_12 10908 1 1 867 360
cam_12 10911 1 1 887 379
cam_12 10914 1 1 976 373
cam_12 10918 1 1 939 376
cam_12 10939 1 1 844 403
cam_12 10923 1 1 1017 390
cam_12 10924 1 1 896 396
cam_12 10944 1 2 666 352
cam_12 10923 1 1 869 379
cam_12 10920 1 1 883 381
cam_12 10929 1 1 883 406
cam_12 10936 1 1 908 394
cam_12 10939 1 1 920 421
cam_12 10945 1 4 743 406
cam_12 10944 1 1 895 418
cam_12 10947 1 1 871 374
cam_12 10956 1 1 731 361
cam_12 10944 1 1 704 396
cam_12 10956 1 1 890 400
cam_12 10939 1 1 782 363
cam_12 10947 1 1 829 377
cam_12 10954 1 1 856 377
cam_12 10956 1 1 947 391
cam_12 10960 1 1 832 367
cam_12 10962 1 1 965 399
cam_12 10962 1 1 1005 401
cam_12 10981 1 1 781 360
cam_12 10969 1 1 865 361
cam_12 10971 1 1 910 394
cam_12 10974 1 1 852 361
cam_12 10965 1 1 1064 396
cam_12 10977 1 1 921 385
cam_12 10996 1 1 887 355
cam_12 11004 1 2 779 351
cam_12 10971 1 1 681 400
cam_12 10984 1 1 983 388
cam_12 10986 1 2 686 348
cam_12 10996 1 1 965 389
cam_12 10990 1 1 997 389
cam_12 10978 1 1 1004 400
cam_12 11018 1 2 876 364
cam_12 11014 1 2 696 346
cam_12 11001 1 1 1014 401
cam_12 11001 1 1 1071 403
cam_12 11001 1 1 959 388
cam_12 11011 1 1 971 391
cam_12 11014 1 1 1062 406
cam_12 11023 1 2 692 345
cam_12 11013 1 1 1024 400
cam_12 11020 1 1 959 397
cam_12 11025 1 1 900 368
cam_12 11017 1 1 1014 410
cam_12 11044 1 2 765 355
cam_12 11026 1 1 1021 390
cam_12 11029 1 1 871 371
cam_12 11029 1 1 939 379
cam_12 11035 1 1 1026 392
cam_12 11031 1 1 897 393
cam_12 11043 1 1 1037 392
cam_12 11053 1 1 809 368
cam_12 11049 1 1 875 365
cam_12 11067 1 1 947 388
cam_12 11059 1 1 1007 389
cam_12 11083 1 2 784 359
cam_12 11080 1 1 977 398
cam_12 11077 1 1 952 384
cam_12 11083 1 1 887 376
cam_12 11084 1 1 988 383
cam_12 11088 1 1 892 367
cam_12 11106 1 2 871 367
cam_12 11097 1 1 947 391
cam_12 11103 1 2 765 349
cam_12 11095 1 1 1021 395
cam_12 11125 1 2 779 357
cam_12 11124 1 1 865 357
cam_12 11128 1 1 948 381
cam_12 11130 1 1 887 372
cam_12 11146 1 1 888 378
cam_12 11139 1 1 968 386
cam_12 11145 1 1 986 384
cam_12 11158 1 2 697 353
cam_12 11145 1 1 883 417
cam_12 11164 1 1 942 387
cam_12 11157 1 1 841 372
cam_12 11176 1 2 777 356
cam_12 11173 1 1 912 380
cam_12 11179 1 1 902 388
cam_12 11181 1 1 989 377
cam_12 11200 1 4 748 359
cam_12 11211 1 2 854 365
cam_12 11199 1 2 960 384
cam_12 11220 1 1 916 376
cam_12 11223 1 1 946 389
cam_12 11241 1 1 888 371
cam_12 11245 1 1 980 388
cam_12 11269 1 1 858 367
cam_12 11274 1 1 966 390
cam_12 11287 1 1 956 389
cam_12 11290 1 1 831 362
cam_12 11565 1 1 851 381
cam_12 11433 1 1 666 350
cam_12 11557 1 1 703 393
cam_12 11547 1 1 879 378
cam_12 11556 1 1 861 377
cam_12 11560 1 1 920 389
cam_12 11560 1 1 898 375
cam_12 11562 1 1 972 390
cam_12 11586 1 2 776 355
cam_12 11572 1 1 829 378
cam_12 11563 1 1 1073 426
cam_12 11586 1 1 964 391
cam_12 11563 1 1 793 377
cam_12 11563 1 1 757 372
cam_12 11593 1 1 869 361
cam_12 11592 1 1 913 380
cam_12 11590 1 1 1007 398
cam_12 11593 1 1 835 366
cam_12 11581 1 1 840 380
cam_12 11596 1 1 951 393
cam_12 11601 1 1 879 374
cam_12 11607 1 1 1113 411
cam_12 11599 1 1 828 371
cam_12 11601 1 1 937 393
cam_12 11608 1 1 953 400
cam_12 11608 1 1 881 383
cam_12 11628 1 2 799 372
cam_12 11611 1 1 993 404
cam_12 11611 1 1 1038 394
cam_12 11646 1 2 783 363
cam_12 11634 1 2 704 348
cam_12 11632 1 4 928 417
cam_12 11625 1 1 1013 389
cam_12 11656 1 1 866 362
cam_12 11685 1 2 694 355
cam_12 11653 1 1 1021 399
cam_12 11670 1 1 1030 397
cam_12 11667 1 1 843 381
cam_12 11706 1 2 750 352
cam_12 11686 1 1 825 363
cam_12 11697 1 2 867 382
cam_12 11677 1 1 900 372
cam_12 11737 1 2 866 376
cam_12 11698 1 1 973 385
cam_12 11715 1 2 870 367
cam_12 11715 1 1 980 384
cam_12 11737 1 2 683 346
cam_12 11710 1 1 976 391
cam_12 11710 1 1 929 400
cam_12 11731 1 2 851 394
cam_12 11725 1 1 953 400
cam_12 11749 1 2 880 372
cam_12 11746 1 2 762 348
cam_12 11745 1 1 1038 392
cam_12 11751 1 1 1016 389
cam_12 11769 1 2 835 362
cam_12 11760 1 1 974 390
cam_12 11758 1 1 939 380
cam_12 11760 1 1 757 367
cam_12 11760 1 1 894 388
cam_12 11760 1 1 698 357
cam_12 11773 1 1 893 399
cam_12 11772 1 1 911 383
cam_12 11767 1 1 753 356
cam_12 11770 1 1 1030 395
cam_12 11797 1 1 897 389
cam_12 11774 1 1 791 366
cam_12 11780 1 1 856 372
cam_12 11787 1 1 1007 394
cam_12 11790 1 1 946 384
cam_12 11788 1 1 844 372
cam_12 11802 1 1 781 357
cam_12 11806 1 1 903 384
cam_12 11815 1 1 828 366
cam_12 11827 1 1 781 360
cam_12 11811 1 1 954 375
cam_12 11824 1 1 942 379
cam_12 11836 1 2 835 357
cam_12 11851 1 2 865 378
cam_12 11839 1 1 949 387
cam_12 11851 1 1 972 388
cam_12 11851 1 1 792 376
cam_12 11853 1 1 950 390
cam_12 11868 1 2 744 359
cam_12 11853 1 2 599 400
cam_12 11862 1 1 964 389
cam_12 11880 1 1 848 373
cam_12 11865 1 1 1037 404
cam_12 11859 1 2 683 353
cam_12 11941 1 3 681 356
cam_12 11965 1 1 804 375
cam_12 12088 1 1 1092 420
cam_12 11989 1 1 755 354
cam_12 12000 1 1 759 357
cam_12 12010 1 1 916 385
cam_12 12040 1 1 894 379
cam_12 12107 1 1 863 388
cam_12 12117 1 1 930 382
cam_12 12123 1 1 962 368
cam_12 12123 1 1 833 395
cam_12 12129 1 1 912 383
cam_12 12129 1 1 956 390
cam_12 12112 1 1 867 367
cam_12 12129 1 1 870 378
cam_12 12138 1 2 694 345
cam_12 12129 1 1 1042 403
cam_12 12138 1 1 792 361
cam_12 12150 1 2 720 351
cam_12 12136 1 1 982 398
cam_12 12142 1 1 1038 400
cam_12 12147 1 1 907 382
cam_12 12139 1 1 858 370
cam_12 12144 1 1 963 400
cam_12 12145 1 1 944 409
cam_12 12150 1 2 779 391
cam_12 12150 1 1 895 399
cam_12 12150 1 1 998 398
cam_12 12148 1 1 956 425
cam_12 12156 1 1 845 387
cam_12 12154 1 1 932 384
cam_12 12165 1 1 702 349
cam_12 12156 1 1 1062 408
cam_12 12172 1 1 949 388
cam_12 12160 1 1 1056 403
cam_12 12172 1 1 914 393
cam_12 12169 1 1 1027 400
cam_12 12175 1 1 852 373
cam_12 12162 1 1 1001 396
cam_12 12163 1 1 881 388
cam_12 12180 1 1 955 385
cam_12 12190 1 2 788 365
cam_12 12180 1 1 903 378
cam_12 12175 1 1 1019 395
cam_12 12186 1 1 961 399
cam_12 12192 1 1 1009 398
cam_12 12202 1 1 1103 419
cam_12 12199 1 1 850 377
cam_12 12195 1 1 879 370
cam_12 12198 1 1 1026 409
cam_12 12214 1 2 801 366
cam_12 12201 1 1 952 388
cam_12 12202 1 1 830 384
cam_12 12226 1 2 882 381
cam_12 12243 1 2 757 362
cam_12 12223 1 1 957 388
cam_12 12250 1 2 860 376
cam_12 12237 1 1 988 395
cam_12 12247 1 1 950 387
cam_12 12241 1 1 1053 407
cam_12 12249 1 2 677 347
cam_12 12277 1 2 865 377
cam_12 12258 1 2 997 394
cam_12 12259 1 1 1077 388
cam_12 12276 1 1 916 387
cam_12 12280 1 1 1060 400
cam_12 12286 1 1 772 359
cam_12 12288 1 1 950 391
cam_12 12288 1 1 1022 397
cam_12 12291 1 1 951 387
cam_12 12306 1 1 866 376
cam_12 12294 1 1 765 369
cam_12 12300 1 1 781 364
cam_12 12333 1 2 774 362
cam_12 12316 1 1 859 368
cam_12 12325 1 1 882 362
cam_12 12340 1 1 982 395
cam_12 12370 1 2 761 352
cam_12 12400 1 1 915 376
cam_12 12402 1 1 868 370
cam_12 12424 1 1 950 396
cam_12 12471 1 1 870 364
cam_12 12492 1 2 686 356
cam_12 12487 1 1 828 367
cam_12 12497 1 1 839 366
cam_12 12523 1 1 902 395
cam_12 12552 1 2 947 389
cam_12 12567 1 1 795 372
cam_12 12565 1 1 997 403
cam_12 12585 1 1 790 357
cam_12 12586 1 1 1047 388
cam_12 12595 1 1 798 359
cam_12 12606 1 1 1026 400
cam_12 12645 1 1 760 356
cam_12 12636 1 1 799 364
cam_12 12667 1 2 695 343
cam_12 12658 1 1 978 395
cam_12 12669 1 1 916 380
cam_12 12691 1 1 803 369
cam_12 12678 1 1 911 385
cam_12 12682 1 1 872 369
cam_12 12685 1 1 891 412
cam_12 12685 1 1 974 408
cam_12 12687 1 1 876 374
cam_12 12685 1 1 1054 404
cam_12 12697 1 1 896 381
cam_12 12690 1 1 984 406
cam_12 12697 1 1 855 376
cam_12 12696 1 1 769 364
cam_12 12700 1 1 966 390
cam_12 12705 1 1 903 382
cam_12 12708 1 1 804 374
cam_12 12708 1 1 852 375
cam_12 12705 1 1 1030 393
cam_12 12711 1 1 816 364
cam_12 12708 1 1 967 402
cam_12 12711 1 1 862 370
cam_12 12714 1 1 764 360
cam_12 12708 1 1 1071 409
cam_12 12723 1 1 867 363
cam_12 12733 1 2 738 358
cam_12 12718 1 1 944 388
cam_12 12738 1 1 968 400
cam_12 12720 1 1 997 399
cam_12 12748 1 1 969 399
cam_12 12742 1 2 853 358
cam_12 12733 1 1 1007 397
cam_12 12735 1 1 1062 406
cam_12 12747 1 1 899 396
cam_12 12739 1 1 1054 385
cam_12 12759 1 2 760 362
cam_12 12756 1 2 661 361
cam_12 12747 1 1 879 383
cam_12 12756 1 1 953 398
cam_12 12774 1 2 825 370
cam_12 12774 1 2 705 348
cam_12 12753 1 1 1048 412
cam_12 12762 1 1 899 380
cam_12 12759 1 1 1018 397
cam_12 12784 1 1 971 391
cam_12 12771 1 1 966 395
cam_12 12762 1 1 973 390
cam_12 12769 1 1 1009 397
cam_12 12769 1 1 910 398
cam_12 12795 1 2 703 354
cam_12 12775 1 1 886 385
cam_12 12783 1 1 878 368
cam_12 12807 1 2 848 358
cam_12 12789 1 1 1030 396
cam_12 12796 1 1 1014 395
cam_12 12798 1 1 1044 403
cam_12 12801 1 1 893 380
cam_12 12823 1 2 775 359
cam_12 12796 1 1 937 394
cam_12 12816 1 1 884 380
cam_12 12834 1 2 849 363
cam_12 12829 1 2 968 408
cam_12 12822 1 1 1004 395
cam_12 12844 1 1 1013 403
cam_12 12844 1 1 859 372
cam_12 12829 1 1 886 397
cam_12 12849 1 1 758 359
cam_12 12859 1 2 772 366
cam_12 12850 1 1 1051 406
cam_12 12853 1 1 923 397
cam_12 12859 1 1 872 364
cam_12 12864 1 1 859 371
cam_12 12883 1 2 757 355
cam_12 12870 1 1 970 383
cam_12 12871 1 1 912 406
cam_12 12873 1 1 1040 399
cam_12 12906 1 2 790 362
cam_12 12882 1 1 849 367
cam_12 12886 1 1 967 391
cam_12 12891 1 1 1006 398
cam_12 12916 1 1 853 371
cam_12 12898 1 1 889 381
cam_12 12925 1 1 838 377
cam_12 12943 1 2 877 376
cam_12 12945 1 2 770 353
cam_12 12930 1 1 741 353
cam_12 12968 1 2 832 362
cam_12 12942 1 1 960 390
cam_12 12966 1 2 701 354
cam_12 12949 1 1 999 390
cam_12 12985 1 2 872 374
cam_12 12994 1 2 772 356
cam_12 12966 1 1 990 413
cam_12 12973 1 1 991 399
cam_12 13002 1 2 874 374
cam_12 13000 1 2 681 350
cam_12 13020 1 2 871 368
cam_12 13014 1 2 709 358
cam_12 13036 1 2 974 396
cam_12 13053 1 1 933 383
cam_12 13051 1 1 848 375
cam_12 13069 1 2 869 358
cam_12 13065 1 1 993 401
cam_12 13093 1 2 855 365
cam_12 13084 1 1 702 354
cam_12 13078 1 1 781 355
cam_12 13089 1 1 972 393
cam_12 13128 1 1 979 397
cam_12 13150 1 2 698 349
cam_12 13183 1 1 898 381
cam_12 13176 1 1 830 381
cam_12 13213 1 1 863 374
cam_12 13245 1 2 687 350
cam_12 13278 1 2 693 347
cam_12 13300 1 2 697 349
cam_12 13320 1 1 900 374
cam_12 13339 1 1 757 365
cam_12 13323 1 1 751 360
cam_12 13357 1 2 688 360
cam_12 13363 1 1 823 368
cam_12 13339 1 1 832 400
cam_12 13365 1 1 893 386
cam_12 13381 1 1 663 352
cam_12 13356 1 1 1001 396
cam_12 13365 1 1 956 393
cam_12 13363 1 1 1030 404
cam_12 13366 1 1 770 360
cam_12 13374 1 1 757 360
cam_12 13386 1 1 973 396
cam_12 13378 1 1 768 377
cam_12 13386 1 1 878 376
cam_12 13392 1 1 770 357
cam_12 13392 1 1 849 369
cam_12 13389 1 1 702 348
cam_12 13402 1 1 862 371
cam_12 13393 1 1 813 377
cam_12 13410 1 1 852 374
cam_12 13408 1 1 767 356
cam_12 13405 1 1 891 376
cam_12 13419 1 1 951 398
cam_12 13438 1 2 686 349
cam_12 13421 1 1 719 390
cam_12 13429 1 1 970 384
cam_12 13431 1 1 837 371
cam_12 13446 1 1 959 378
cam_12 13438 1 1 875 366
cam_12 13426 1 1 750 366
cam_12 13447 1 1 838 391
cam_12 13447 1 1 885 375
cam_12 13465 1 1 981 407
cam_12 13479 1 1 795 364
cam_12 13468 1 1 855 365
cam_12 13461 1 1 921 380
cam_12 13470 1 1 907 388
cam_12 13482 1 1 856 372
cam_12 13486 1 1 895 375
cam_12 13486 1 1 805 369
cam_12 13486 1 1 965 399
cam_12 13491 1 1 867 362
