cam_04 54 2 1 728 -599
cam_04 62 2 1 660 209
cam_04 77 2 4 662 155
cam_04 42 1 1 277 503
cam_04 66 2 1 621 -142
cam_04 72 2 1 646 -25
cam_04 83 2 1 714 174
cam_04 56 1 1 131 744
cam_04 91 2 1 656 -27
cam_04 64 1 1 202 673
cam_04 93 2 1 763 75
cam_04 104 2 1 651 142
cam_04 96 2 1 680 43
cam_04 127 2 1 694 109
cam_04 122 2 2 653 138
cam_04 96 1 1 274 516
cam_04 120 2 1 733 7
cam_04 131 2 1 654 142
cam_04 130 2 1 707 -116
cam_04 113 1 1 166 698
cam_04 140 2 1 649 178
cam_04 144 2 1 644 10
cam_04 106 1 1 274 644
cam_04 146 2 1 637 147
cam_04 132 1 1 154 749
cam_04 137 1 1 158 714
cam_04 156 2 1 593 43
cam_04 172 2 1 661 -13
cam_04 171 2 1 633 -24
cam_04 175 2 1 717 6
cam_04 183 2 1 668 -28
cam_04 155 1 1 279 612
cam_04 191 2 1 683 176
cam_04 185 2 1 627 175
cam_04 194 2 1 649 141
cam_04 194 2 1 621 141
cam_04 187 1 1 189 672
cam_04 198 1 1 314 527
cam_04 189 1 1 367 503
cam_04 222 2 1 686 -27
cam_04 195 1 1 408 492
cam_04 206 1 1 216 560
cam_04 219 2 1 650 6
cam_04 228 2 1 671 -62
cam_04 239 2 1 679 212
cam_04 230 1 1 251 668
cam_04 254 2 2 627 177
cam_04 225 1 1 362 508
cam_04 266 2 1 690 178
cam_04 258 2 1 787 43
cam_04 231 1 1 149 646
cam_04 248 1 1 179 706
cam_04 268 2 1 660 -121
cam_04 274 2 1 673 -27
cam_04 274 2 1 694 -90
cam_04 276 2 1 644 42
cam_04 283 2 1 693 -24
cam_04 283 2 1 692 -57
cam_04 258 1 1 141 662
cam_04 266 1 1 164 731
cam_04 291 2 1 676 75
cam_04 290 2 1 669 143
cam_04 292 2 1 669 -28
cam_04 300 2 1 621 77
cam_04 302 2 1 654 144
cam_04 306 2 1 649 74
cam_04 315 2 1 677 38
cam_04 330 2 1 647 72
cam_04 326 2 1 669 176
cam_04 305 1 1 202 642
cam_04 319 1 1 214 651
cam_04 324 1 1 231 642
cam_04 348 2 1 694 80
cam_04 357 2 1 678 76
cam_04 329 1 1 147 721
cam_04 358 2 1 675 -27
cam_04 357 2 1 709 -27
cam_04 357 2 1 712 -105
cam_04 335 1 1 188 720
cam_04 360 2 1 697 -127
cam_04 366 2 1 697 -1
cam_04 367 2 1 713 -41
cam_04 369 2 1 671 -46
cam_04 379 2 1 682 42
cam_04 369 2 1 737 -89
cam_04 392 2 1 682 143
cam_04 384 2 1 722 15
cam_04 377 1 3 279 610
cam_04 354 1 1 253 610
cam_04 355 1 1 244 653
cam_04 384 2 1 702 -101
cam_04 387 2 1 657 -25
cam_04 398 2 1 639 145
cam_04 360 1 1 164 686
cam_04 397 2 1 682 -72
cam_04 403 2 1 751 41
cam_04 371 1 1 202 623
cam_04 420 2 1 719 109
cam_04 426 2 1 707 14
cam_04 401 1 1 161 723
cam_04 387 1 1 242 649
cam_04 393 1 1 142 684
cam_04 396 1 1 366 632
cam_04 436 2 1 669 9
cam_04 399 1 1 287 560
cam_04 437 2 1 640 179
cam_04 407 1 1 264 576
cam_04 408 1 1 295 660
cam_04 414 1 1 341 465
cam_04 413 1 1 449 442
cam_04 453 2 1 655 45
cam_04 450 2 1 680 -52
cam_04 444 2 1 707 43
cam_04 426 1 1 201 640
cam_04 462 2 1 683 74
cam_04 462 2 1 677 75
cam_04 471 2 1 757 44
cam_04 477 2 2 664 8
cam_04 494 2 1 674 176
cam_04 503 2 2 662 141
cam_04 504 2 1 677 44
cam_04 510 2 1 684 73
cam_04 514 2 1 640 4
cam_04 495 1 1 124 738
cam_04 509 2 1 653 145
cam_04 516 2 1 663 -24
cam_04 525 1 2 339 666
cam_04 508 1 1 202 677
cam_04 525 2 2 662 72
cam_04 532 2 1 709 -26
cam_04 515 1 1 360 463
cam_04 540 2 1 682 -60
cam_04 537 2 1 681 -18
cam_04 542 2 1 648 147
cam_04 553 2 1 680 7
cam_04 529 1 1 196 684
cam_04 565 2 1 655 107
cam_04 546 2 1 655 -26
cam_04 551 2 1 646 151
cam_04 564 2 1 648 -49
cam_04 561 2 1 736 -92
cam_04 569 2 1 624 146
cam_04 571 2 1 622 -64
cam_04 576 2 1 672 -49
cam_04 576 2 1 659 -120
cam_04 580 2 1 615 -224
cam_04 582 2 1 689 -118
cam_04 567 1 1 210 680
cam_04 586 2 1 696 -200
cam_04 594 2 1 682 39
cam_04 591 2 1 706 -160
cam_04 596 2 1 652 140
cam_04 566 1 1 283 754
cam_04 599 2 1 657 143
cam_04 605 2 1 659 141
cam_04 561 1 1 369 399
cam_04 613 2 1 675 -62
cam_04 582 1 1 192 668
cam_04 611 2 1 663 143
cam_04 621 2 1 651 -60
cam_04 617 2 1 658 152
cam_04 629 2 1 661 142
cam_04 632 2 1 675 141
cam_04 638 2 1 696 106
cam_04 617 1 1 281 642
cam_04 647 2 1 664 143
cam_04 645 2 1 674 39
cam_04 632 1 1 224 686
cam_04 657 2 1 667 -263
cam_04 632 1 1 430 378
cam_04 636 1 1 330 536
cam_04 656 1 2 217 668
cam_04 663 2 1 645 -28
cam_04 680 2 1 654 140
cam_04 672 2 1 622 -59
cam_04 671 2 1 610 149
cam_04 677 2 1 657 38
cam_04 671 1 1 286 621
cam_04 690 2 1 744 41
cam_04 698 2 1 688 140
cam_04 710 2 1 672 178
cam_04 709 2 1 685 -218
cam_04 717 2 1 696 77
cam_04 731 2 1 650 175
cam_04 723 2 1 654 40
cam_04 725 2 1 633 113
cam_04 748 2 1 656 -27
cam_04 740 2 1 657 145
cam_04 747 2 1 664 5
cam_04 755 2 1 649 178
cam_04 767 2 1 655 140
cam_04 740 1 1 225 608
cam_04 765 2 1 695 8
cam_04 777 2 1 640 11
cam_04 759 1 1 208 673
cam_04 762 1 1 247 689
cam_04 776 2 1 659 111
cam_04 795 2 1 678 5
cam_04 767 1 1 281 740
cam_04 798 2 1 703 44
cam_04 784 1 1 223 642
cam_04 804 2 1 695 10
cam_04 806 1 1 238 646
cam_04 835 2 1 713 38
cam_04 815 1 1 232 613
cam_04 831 2 1 707 -24
cam_04 828 2 1 790 -222
cam_04 807 1 1 363 568
cam_04 813 1 1 298 538
cam_04 843 2 1 698 13
cam_04 837 1 1 404 467
cam_04 864 2 1 659 47
cam_04 834 1 1 444 410
cam_04 875 2 1 697 177
cam_04 869 2 1 659 149
cam_04 876 2 1 698 -59
cam_04 885 2 1 658 -25
cam_04 889 2 1 660 6
cam_04 893 2 1 663 175
cam_04 888 1 1 265 597
cam_04 866 1 1 238 681
cam_04 879 1 1 291 623
cam_04 870 1 1 308 634
cam_04 906 2 1 663 40
cam_04 918 2 1 637 8
cam_04 891 1 1 304 746
cam_04 910 2 1 744 -121
cam_04 888 1 1 433 503
cam_04 918 2 1 641 -56
cam_04 929 2 1 683 142
cam_04 902 1 1 240 733
cam_04 917 2 1 619 145
cam_04 926 2 1 652 178
cam_04 913 1 1 179 665
cam_04 933 2 1 640 7
cam_04 948 2 1 655 108
cam_04 905 1 1 252 691
cam_04 924 1 1 321 483
cam_04 930 1 1 164 673
cam_04 950 2 1 641 108
cam_04 933 1 1 313 550
cam_04 978 2 1 648 42
cam_04 984 2 1 659 7
cam_04 998 2 1 679 175
cam_04 1032 1 3 158 657
cam_04 1046 1 2 286 688
cam_04 1044 2 1 671 8
cam_04 1056 2 1 679 75
cam_04 1049 2 1 670 111
cam_04 1064 1 2 335 672
cam_04 1055 2 1 673 104
cam_04 1050 1 1 149 671
cam_04 1050 1 1 198 737
cam_04 1056 1 1 320 604
cam_04 1072 2 1 627 -92
cam_04 1083 2 1 688 -8
cam_04 1084 2 1 594 -92
cam_04 1056 1 1 207 675
cam_04 1090 2 1 682 -39
cam_04 1100 2 1 678 210
cam_04 1086 2 1 604 -142
cam_04 1093 2 1 653 -54
cam_04 1068 1 1 166 671
cam_04 1101 2 1 636 -61
cam_04 1096 1 1 232 667
cam_04 1088 1 1 164 715
cam_04 1107 2 1 732 10
cam_04 1110 2 1 740 -28
cam_04 1135 2 1 668 40
cam_04 1113 1 1 217 675
cam_04 1131 1 2 272 660
cam_04 1144 2 1 724 -162
cam_04 1165 2 1 674 40
cam_04 1143 1 1 279 562
cam_04 1167 2 1 739 40
cam_04 1176 2 1 668 -61
cam_04 1181 2 1 649 110
cam_04 1171 1 1 150 676
cam_04 1188 2 1 658 43
cam_04 1157 1 1 419 426
cam_04 1173 1 1 326 688
cam_04 1176 1 1 343 689
cam_04 1172 1 1 234 688
cam_04 1190 1 1 209 721
cam_04 1193 1 1 164 690
cam_04 1202 2 1 630 147
cam_04 1230 2 1 642 40
cam_04 1207 1 1 234 685
cam_04 1238 2 1 637 108
cam_04 1256 2 1 682 143
cam_04 1256 2 1 684 141
cam_04 1226 1 1 216 644
cam_04 1251 2 1 758 -18
cam_04 1256 2 1 653 77
cam_04 1263 2 1 717 75
cam_04 1232 1 1 415 376
cam_04 1238 1 1 357 563
cam_04 1241 1 1 208 710
cam_04 1251 1 1 396 444
cam_04 1310 2 1 674 175
cam_04 1298 2 1 693 142
cam_04 1297 2 1 826 -63
cam_04 1305 2 1 718 -22
cam_04 1316 2 1 671 142
cam_04 1304 1 1 139 694
cam_04 1334 2 1 671 77
cam_04 1333 2 1 698 -191
cam_04 1341 2 2 666 71
cam_04 1340 2 1 675 145
cam_04 1352 2 1 678 140
cam_04 1353 2 1 648 106
cam_04 1340 2 1 926 -510
cam_04 1339 1 2 276 663
cam_04 1359 2 1 740 -60
cam_04 1364 2 1 681 144
cam_04 1359 2 1 696 -87
cam_04 1367 2 1 666 175
cam_04 1370 2 1 616 142
cam_04 1374 2 1 718 43
cam_04 1346 1 1 369 531
cam_04 1344 1 1 396 481
cam_04 1351 1 1 150 746
cam_04 1386 2 1 695 -111
cam_04 1389 2 1 676 44
cam_04 1370 1 1 249 671
cam_04 1368 1 1 308 572
cam_04 1400 2 1 706 142
cam_04 1389 2 1 743 -23
cam_04 1387 2 1 652 -156
cam_04 1394 2 1 634 147
cam_04 1397 2 1 640 141
cam_04 1379 1 1 227 607
cam_04 1416 2 1 682 5
cam_04 1389 1 1 220 671
cam_04 1382 1 1 289 510
cam_04 1400 1 1 19 639
cam_04 1422 2 1 663 -12
cam_04 1419 2 1 686 -106
cam_04 1411 1 1 196 633
cam_04 1426 2 1 1341 -734
cam_04 1425 2 1 679 -142
cam_04 1434 2 1 680 38
cam_04 1413 1 1 278 665
cam_04 1435 2 1 691 -96
cam_04 1398 1 1 270 545
cam_04 1410 1 1 224 625
cam_04 1415 1 1 314 654
cam_04 1411 1 1 307 764
cam_04 1442 2 1 660 177
cam_04 1413 1 1 356 562
cam_04 1451 2 1 655 140
cam_04 1452 2 1 691 75
cam_04 1426 1 1 95 739
cam_04 1439 1 1 98 730
cam_04 1440 1 1 321 576
cam_04 1495 2 1 689 119
cam_04 1451 1 1 171 691
cam_04 1485 2 1 693 11
cam_04 1493 2 1 656 178
cam_04 1470 1 1 165 737
cam_04 1491 2 1 625 40
cam_04 1460 1 1 393 556
cam_04 1500 2 1 620 -44
cam_04 1504 2 1 703 -40
cam_04 1480 1 1 191 741
cam_04 1489 1 1 328 605
cam_04 1515 2 1 669 -25
cam_04 1520 2 1 660 177
cam_04 1523 2 1 690 144
cam_04 1516 2 1 714 -114
cam_04 1488 1 1 339 602
cam_04 1504 1 1 349 635
cam_04 1503 1 1 355 601
cam_04 1534 2 1 680 6
cam_04 1533 2 1 716 44
cam_04 1512 1 1 378 598
cam_04 1514 1 1 201 690
cam_04 1525 1 1 215 682
cam_04 1549 2 1 643 6
cam_04 1544 2 1 677 177
cam_04 1540 2 1 715 -234
cam_04 1552 2 1 660 5
cam_04 1551 2 1 651 -24
cam_04 1559 2 1 634 174
cam_04 1540 1 1 113 737
cam_04 1542 1 1 195 742
cam_04 1557 2 1 721 81
cam_04 1560 1 1 217 676
cam_04 1555 1 1 164 649
cam_04 1573 1 1 174 616
cam_04 1590 2 1 699 74
cam_04 1587 2 1 702 7
cam_04 1598 2 1 648 140
cam_04 1602 2 1 704 6
cam_04 1605 1 2 270 698
cam_04 1611 2 1 707 4
cam_04 1572 1 1 198 609
cam_04 1589 1 1 148 678
cam_04 1615 1 1 200 646
cam_04 1628 2 1 652 140
cam_04 1635 2 1 648 77
cam_04 1631 2 1 626 108
cam_04 1614 1 1 350 640
cam_04 1611 1 1 264 680
cam_04 1641 1 1 449 445
cam_04 1650 1 1 353 496
cam_04 1694 2 1 642 107
cam_04 1722 2 1 689 40
cam_04 1740 2 1 701 110
cam_04 1743 2 1 703 -89
cam_04 1721 1 1 399 487
cam_04 1739 1 1 235 608
cam_04 1748 1 1 330 547
cam_04 1781 2 1 643 109
cam_04 1749 1 1 448 505
cam_04 1773 1 2 297 684
cam_04 1788 2 1 651 76
cam_04 1785 1 1 333 425
cam_04 1785 1 1 217 678
cam_04 1782 1 1 320 541
cam_04 1805 1 1 309 581
cam_04 1814 1 1 297 546
cam_04 1847 2 1 679 140
cam_04 1841 2 1 653 143
cam_04 1839 1 1 266 558
cam_04 1829 1 1 376 538
cam_04 1853 1 1 212 619
cam_04 1862 1 1 252 661
cam_04 1875 2 1 710 -60
cam_04 1868 1 1 249 552
cam_04 1901 2 1 654 147
cam_04 1896 1 1 138 731
cam_04 1907 2 1 682 145
cam_04 1925 2 2 668 140
cam_04 1924 2 1 743 -142
cam_04 1999 2 1 669 186
cam_04 1926 2 1 801 -199
cam_04 1937 2 1 695 176
cam_04 1934 2 1 686 175
cam_04 1938 2 1 640 -127
cam_04 1949 2 1 689 140
cam_04 1958 1 2 241 686
cam_04 1953 2 1 710 43
cam_04 1938 1 1 177 658
cam_04 1949 1 1 148 679
cam_04 1944 1 1 283 519
cam_04 1978 1 2 251 655
cam_04 1976 2 1 615 141
cam_04 1985 2 1 701 144
cam_04 1962 1 1 76 728
cam_04 1992 2 2 740 -26
cam_04 1972 1 1 118 735
cam_04 1996 2 1 699 -87
cam_04 1998 2 1 692 -64
cam_04 2012 2 1 699 142
cam_04 1990 1 1 314 651
cam_04 1982 1 1 187 705
cam_04 2013 2 1 690 -85
cam_04 2014 2 1 704 -62
cam_04 2037 2 1 643 156
cam_04 2019 2 1 683 -16
cam_04 1988 1 1 144 721
cam_04 2023 2 1 727 -27
cam_04 2034 2 1 612 -18
cam_04 2009 1 1 211 718
cam_04 2031 2 1 672 -116
cam_04 2011 1 1 136 672
cam_04 2013 1 1 269 725
cam_04 2037 2 1 611 -95
cam_04 2040 2 1 726 -78
cam_04 2022 1 1 141 725
cam_04 2051 2 1 647 176
cam_04 2051 2 1 651 176
cam_04 2063 2 1 650 139
cam_04 2028 1 1 300 653
cam_04 2052 1 1 259 651
cam_04 2094 2 1 641 74
cam_04 2105 2 1 674 173
cam_04 2106 2 1 645 43
cam_04 2123 2 1 663 175
cam_04 2097 1 1 328 560
cam_04 2091 1 1 358 556
cam_04 2118 2 1 702 73
cam_04 2118 2 1 676 42
cam_04 2133 2 1 641 79
cam_04 2142 2 1 660 44
cam_04 2145 2 1 629 39
cam_04 2149 2 1 684 7
cam_04 2158 2 1 652 3
cam_04 2130 1 1 322 525
cam_04 2162 2 1 736 -158
cam_04 2172 2 1 649 74
cam_04 2162 2 1 680 113
cam_04 2172 2 1 710 44
cam_04 2149 1 1 155 743
cam_04 2159 1 1 211 648
cam_04 2193 2 1 660 -24
cam_04 2177 1 1 166 1009
cam_04 2166 1 1 213 663
cam_04 2175 1 1 336 557
cam_04 2210 2 1 660 175
cam_04 2202 2 1 676 45
cam_04 2206 2 1 730 -59
cam_04 2194 1 1 136 740
cam_04 2219 2 1 629 140
cam_04 2205 1 1 242 632
cam_04 2231 2 1 685 107
cam_04 2241 2 2 651 38
cam_04 2250 2 1 672 43
cam_04 2254 2 1 663 75
cam_04 2242 2 1 720 -144
cam_04 2259 2 1 667 45
cam_04 2264 2 1 658 178
cam_04 2272 2 1 699 7
cam_04 2252 1 1 162 674
cam_04 2277 2 1 689 -82
cam_04 2285 2 1 655 106
cam_04 2294 2 1 664 141
cam_04 2275 1 1 -83 732
cam_04 2266 1 1 163 672
cam_04 2291 2 1 662 141
cam_04 2307 2 1 671 -26
cam_04 2304 2 1 714 -92
cam_04 2274 1 1 196 627
cam_04 2286 1 1 147 686
cam_04 2314 2 1 790 -125
cam_04 2320 2 1 713 -58
cam_04 2316 2 1 748 -179
cam_04 2334 2 1 671 77
cam_04 2323 2 1 770 -205
cam_04 2333 2 1 642 107
cam_04 2306 1 1 160 676
cam_04 2348 2 1 685 141
cam_04 2341 2 1 705 -27
cam_04 2315 1 1 263 608
cam_04 2327 1 1 111 734
cam_04 2357 2 1 688 180
cam_04 2329 1 1 267 678
cam_04 2366 2 2 658 172
cam_04 2334 1 1 398 530
cam_04 2373 2 1 686 41
cam_04 2336 1 1 255 604
cam_04 2376 2 1 643 77
cam_04 2346 1 1 226 621
cam_04 2379 2 1 656 77
cam_04 2379 2 1 700 78
cam_04 2360 1 1 265 574
cam_04 2395 2 1 663 39
cam_04 2403 2 1 677 7
cam_04 2378 1 1 271 565
cam_04 2403 2 1 698 -23
cam_04 2399 1 1 127 728
cam_04 2429 2 1 636 140
cam_04 2417 2 1 665 110
cam_04 2426 2 1 663 143
cam_04 2441 2 1 648 142
cam_04 2423 1 1 218 630
cam_04 2456 2 1 659 148
cam_04 2470 2 1 671 7
cam_04 2449 1 1 301 681
cam_04 2482 2 1 702 74
cam_04 2454 1 1 267 619
cam_04 2485 2 1 677 41
cam_04 2495 2 1 655 177
cam_04 2476 2 1 760 -158
cam_04 2493 2 1 658 115
cam_04 2496 2 1 662 -25
cam_04 2465 1 1 290 591
cam_04 2486 2 1 613 140
cam_04 2502 2 1 622 73
cam_04 2499 2 1 765 -192
cam_04 2499 2 1 697 -167
cam_04 2497 2 1 746 -140
cam_04 2510 2 1 648 140
cam_04 2506 2 1 779 -190
cam_04 2516 2 1 630 135
cam_04 2489 1 1 296 520
cam_04 2499 1 1 316 494
cam_04 2526 2 1 678 -27
cam_04 2499 1 1 384 521
cam_04 2539 2 1 637 -125
cam_04 2535 2 1 674 5
cam_04 2522 1 1 259 644
cam_04 2550 2 1 697 42
cam_04 2560 2 1 685 7
cam_04 2567 2 1 672 -25
cam_04 2565 1 4 136 714
cam_04 2575 2 1 722 38
cam_04 2555 1 1 185 669
cam_04 2592 2 1 689 105
cam_04 2577 2 1 781 -133
cam_04 2561 1 1 164 672
cam_04 2591 1 2 281 692
cam_04 2597 2 1 660 176
cam_04 2597 2 1 663 144
cam_04 2582 1 1 179 725
cam_04 2579 1 1 360 637
cam_04 2571 1 1 218 738
cam_04 2624 1 2 246 684
cam_04 2624 2 1 687 110
cam_04 2633 2 1 664 142
cam_04 2643 1 2 258 683
cam_04 2657 1 4 112 723
cam_04 2656 2 1 729 -62
cam_04 2680 2 1 645 13
cam_04 2687 2 1 667 143
cam_04 2681 2 1 677 112
cam_04 2684 1 2 317 686
cam_04 2690 2 1 636 141
cam_04 2699 2 1 639 144
cam_04 2663 1 1 270 541
cam_04 2676 1 1 227 640
cam_04 2670 1 1 152 658
cam_04 2715 2 1 695 41
cam_04 2695 1 1 92 740
cam_04 2717 2 1 651 174
cam_04 2723 2 1 647 145
cam_04 2697 1 1 242 652
cam_04 2723 2 1 641 147
cam_04 2734 2 1 654 -60
cam_04 2740 2 1 746 6
cam_04 2741 2 1 685 174
cam_04 2720 1 1 127 738
cam_04 2729 1 2 316 665
cam_04 2730 1 1 123 750
cam_04 2746 2 1 682 -20
cam_04 2760 2 1 608 5
cam_04 2760 2 1 677 -92
cam_04 2766 2 1 653 42
cam_04 2735 1 1 410 501
cam_04 2788 2 1 716 106
cam_04 2733 1 1 296 648
cam_04 2777 2 1 684 106
cam_04 2750 1 1 263 524
cam_04 2786 2 2 624 140
cam_04 2791 2 1 649 -25
cam_04 2796 2 1 664 77
cam_04 2798 2 1 659 74
cam_04 2783 1 1 238 611
cam_04 2806 2 1 721 41
cam_04 2815 2 1 711 -27
cam_04 2820 2 1 643 45
cam_04 2826 2 1 622 41
cam_04 2816 2 1 677 142
cam_04 2832 2 1 644 44
cam_04 2837 2 1 704 145
cam_04 2837 2 1 654 107
cam_04 2830 2 1 771 -216
cam_04 2817 1 1 387 418
cam_04 2849 2 1 655 110
cam_04 2846 2 1 668 111
cam_04 2884 2 1 711 74
cam_04 2861 2 1 658 142
cam_04 2874 2 1 696 76
cam_04 2860 2 1 701 -144
cam_04 2822 1 1 261 609
cam_04 2875 2 1 724 13
cam_04 2865 2 1 772 -74
cam_04 2850 1 1 171 672
cam_04 2887 2 1 748 39
cam_04 2901 2 1 676 106
cam_04 2891 2 1 632 144
cam_04 2866 1 1 138 734
cam_04 2870 1 1 285 677
cam_04 2901 2 1 679 40
cam_04 2902 1 2 315 663
cam_04 2887 1 1 324 645
cam_04 2894 1 1 140 731
cam_04 2921 2 1 662 176
cam_04 2897 1 1 248 664
cam_04 2928 2 1 672 -108
cam_04 2912 1 1 220 652
cam_04 2939 2 1 679 173
cam_04 2919 1 1 380 571
cam_04 2934 1 1 290 740
cam_04 2950 2 1 641 72
cam_04 2931 1 1 280 614
cam_04 2925 1 1 279 632
cam_04 2947 1 1 180 670
cam_04 2951 1 1 264 643
cam_04 2949 1 1 364 602
cam_04 2969 1 1 256 623
cam_04 2987 1 1 325 723
cam_04 3003 2 1 618 43
cam_04 2985 1 1 213 671
cam_04 3016 2 1 667 5
cam_04 3018 2 1 670 76
cam_04 3027 2 1 678 106
cam_04 3037 2 1 663 41
cam_04 3041 2 1 676 143
cam_04 3014 1 1 302 567
cam_04 3039 2 1 633 -61
cam_04 3054 1 1 179 674
cam_04 3067 2 1 631 7
cam_04 3086 1 2 241 686
cam_04 3100 2 1 641 39
cam_04 3075 1 1 229 670
cam_04 3097 2 1 669 -22
cam_04 3100 2 1 622 39
cam_04 3108 2 1 690 41
cam_04 3092 1 1 391 415
cam_04 3127 2 1 678 74
cam_04 3089 1 1 162 669
cam_04 3141 1 1 366 581
cam_04 3138 1 1 420 468
cam_04 3188 2 1 683 177
cam_04 3188 2 2 655 141
cam_04 3204 2 1 674 108
cam_04 3195 2 1 714 73
cam_04 3175 1 1 119 730
cam_04 3198 2 1 729 -23
cam_04 3163 1 1 111 760
cam_04 3212 2 2 655 142
cam_04 3221 2 2 664 179
cam_04 3217 2 1 687 -82
cam_04 3194 1 1 329 443
cam_04 3221 2 1 676 116
cam_04 3231 2 2 657 9
cam_04 3225 2 1 656 -183
cam_04 3231 2 1 708 -57
cam_04 3237 2 1 643 -93
cam_04 3240 2 1 699 75
cam_04 3243 2 1 710 -110
cam_04 3232 1 1 197 644
cam_04 3246 2 1 623 148
cam_04 3240 2 1 697 43
cam_04 3253 2 1 685 37
cam_04 3274 2 1 655 78
cam_04 3247 1 1 153 676
cam_04 3288 2 1 678 79
cam_04 3288 2 1 711 14
cam_04 3296 2 1 694 142
cam_04 3312 2 1 713 75
cam_04 3304 2 1 732 -88
cam_04 3314 2 1 645 108
cam_04 3312 2 1 719 43
cam_04 3318 2 1 665 -88
cam_04 3333 1 4 121 678
cam_04 3293 1 1 328 479
cam_04 3330 2 1 648 74
cam_04 3337 2 1 706 -112
cam_04 3360 2 1 655 109
cam_04 3311 1 1 327 510
cam_04 3342 2 1 726 -87
cam_04 3334 2 1 776 -111
cam_04 3342 2 1 768 -92
cam_04 3346 2 1 723 -141
cam_04 3345 2 1 767 -141
cam_04 3356 2 1 660 172
cam_04 3370 2 1 645 76
cam_04 3363 2 1 684 -58
cam_04 3366 2 1 743 -27
cam_04 3365 2 1 683 142
cam_04 3345 1 1 231 652
cam_04 3380 2 1 694 107
cam_04 3392 2 1 682 144
cam_04 3389 2 1 670 178
cam_04 3407 2 1 685 174
cam_04 3399 2 1 678 5
cam_04 3402 2 1 666 106
cam_04 3413 2 1 652 139
cam_04 3729 2 1 662 109
cam_04 3428 2 1 666 143
cam_04 3399 1 1 408 459
cam_04 3437 2 1 660 141
cam_04 3442 2 1 755 -139
cam_04 3457 2 1 720 25
cam_04 3448 1 4 181 636
cam_04 3452 2 1 694 139
cam_04 3423 1 4 214 576
cam_04 3469 2 2 631 73
cam_04 3465 1 3 178 666
cam_04 3468 2 1 683 -20
cam_04 3429 1 4 112 692
cam_04 3477 2 1 672 9
cam_04 3472 2 1 689 -97
cam_04 3472 2 1 711 -135
cam_04 3478 2 1 667 -100
cam_04 3484 2 1 685 -57
cam_04 3456 1 1 66 732
cam_04 3489 2 1 583 40
cam_04 3492 2 1 643 104
cam_04 3491 2 1 680 106
cam_04 3501 2 1 599 107
cam_04 3497 2 1 626 142
cam_04 3473 1 1 381 588
cam_04 3473 1 1 292 616
cam_04 3473 1 1 455 422
cam_04 3484 1 1 222 666
cam_04 3475 1 1 201 604
cam_04 3515 2 1 664 141
cam_04 3513 2 1 740 76
cam_04 3492 1 1 168 724
cam_04 3473 1 1 266 525
cam_04 3524 2 1 706 143
cam_04 3525 2 1 635 40
cam_04 3503 1 1 419 428
cam_04 3503 1 1 299 489
cam_04 3530 2 1 667 145
cam_04 3533 2 1 635 142
cam_04 3543 1 3 160 671
cam_04 3555 2 1 640 6
cam_04 3552 2 1 714 -23
cam_04 3563 2 1 689 177
cam_04 3572 1 2 200 701
cam_04 3564 2 1 664 45
cam_04 3577 2 1 722 -60
cam_04 3554 1 1 297 518
cam_04 3587 2 1 645 176
cam_04 3549 1 1 207 687
cam_04 3598 1 2 311 659
cam_04 3606 2 1 680 77
cam_04 3564 1 1 220 602
cam_04 3598 2 1 673 -87
cam_04 3601 2 1 680 -104
cam_04 3591 1 1 142 737
cam_04 3580 1 1 262 689
cam_04 3586 1 1 147 745
cam_04 3614 2 1 702 141
cam_04 3578 1 1 158 710
cam_04 3620 1 2 280 682
cam_04 3645 1 1 197 645
cam_04 3619 2 1 703 -40
cam_04 3600 1 1 155 677
cam_04 3631 2 1 673 36
cam_04 3605 1 1 240 663
cam_04 3595 1 1 206 645
cam_04 3646 1 2 293 661
cam_04 3636 2 1 694 -52
cam_04 3646 2 1 631 36
cam_04 3645 2 1 737 40
cam_04 3667 1 2 277 650
cam_04 3625 1 1 123 740
cam_04 3689 1 1 112 702
cam_04 3654 1 1 136 731
cam_04 3654 1 1 370 630
cam_04 3651 1 1 222 643
cam_04 3684 2 1 675 42
cam_04 3684 2 1 673 43
cam_04 3687 1 1 275 677
cam_04 3699 2 1 652 8
cam_04 3704 2 1 713 108
cam_04 3697 1 1 320 678
cam_04 3701 1 1 214 678
cam_04 3708 1 1 340 682
cam_04 3691 1 1 246 679
cam_04 3732 1 2 268 668
cam_04 3708 1 1 303 528
cam_04 3729 2 1 684 -91
cam_04 3739 2 1 663 39
cam_04 3734 2 1 678 76
cam_04 3747 2 1 676 77
cam_04 3744 2 1 650 -24
cam_04 3759 1 4 117 667
cam_04 3750 2 1 717 -58
cam_04 3723 1 1 223 672
cam_04 3756 2 1 671 -91
cam_04 3771 2 1 693 45
cam_04 3775 1 2 262 671
cam_04 3792 2 1 701 77
cam_04 3799 2 1 655 5
cam_04 3780 2 1 656 72
cam_04 3774 1 1 267 542
cam_04 3810 2 1 676 79
cam_04 3813 2 1 675 39
cam_04 3792 1 1 233 645
cam_04 3826 2 1 678 -83
cam_04 3830 2 1 681 109
cam_04 3811 1 1 198 644
cam_04 3834 2 1 675 43
cam_04 3832 2 1 646 5
cam_04 3804 1 1 435 435
cam_04 3843 2 1 678 11
cam_04 3848 2 1 691 143
cam_04 3855 2 1 667 -27
cam_04 3834 1 1 141 742
cam_04 3835 1 1 307 691
cam_04 3862 2 1 711 -61
cam_04 3861 2 1 633 -56
cam_04 3842 1 1 325 576
cam_04 3885 2 1 753 -26
cam_04 3867 1 1 251 619
cam_04 3898 2 1 641 -29
cam_04 3886 2 1 708 -93
cam_04 3894 2 1 686 43
cam_04 3903 2 1 640 42
cam_04 3908 2 1 661 140
cam_04 3893 1 1 223 710
cam_04 3918 2 1 640 73
cam_04 3918 2 1 682 8
cam_04 3903 1 1 179 659
cam_04 3923 2 1 635 178
cam_04 3933 2 1 693 9
cam_04 3928 1 2 304 660
cam_04 3916 1 1 122 663
cam_04 3924 1 1 204 639
cam_04 3944 1 1 408 693
cam_04 3960 2 1 643 80
cam_04 3936 1 1 255 551
cam_04 3944 1 1 327 550
cam_04 3972 2 1 672 -56
cam_04 3972 1 4 173 657
cam_04 3984 2 1 685 76
cam_04 3979 2 1 727 -187
cam_04 3989 2 1 657 175
cam_04 3996 2 1 646 105
cam_04 3960 1 1 380 400
cam_04 3998 1 4 186 676
cam_04 4007 2 1 680 145
cam_04 3993 1 1 145 681
cam_04 4015 1 1 270 616
cam_04 4016 1 1 357 726
cam_04 4021 1 1 310 670
cam_04 4021 1 1 194 674
cam_04 4005 1 1 271 565
cam_04 4030 1 1 229 660
cam_04 4029 1 1 375 679
cam_04 4014 1 1 291 613
cam_04 4033 1 1 262 731
cam_04 4071 2 1 664 41
cam_04 4032 1 1 397 609
cam_04 4045 1 1 184 680
cam_04 4056 1 1 239 650
cam_04 4088 2 1 645 144
cam_04 4089 2 1 680 8
cam_04 4067 1 1 200 652
cam_04 4062 1 1 317 641
cam_04 4089 2 1 681 -151
cam_04 4100 2 1 680 106
cam_04 4093 2 1 678 6
cam_04 4079 1 1 180 722
cam_04 4080 1 1 242 749
cam_04 4116 2 1 674 79
cam_04 4127 2 1 675 140
cam_04 4137 2 1 687 85
cam_04 4110 1 1 325 591
cam_04 4140 2 1 695 -104
cam_04 4130 1 1 182 708
cam_04 4149 2 1 702 -14
cam_04 4127 1 1 291 668
cam_04 4121 1 1 245 636
cam_04 4170 2 1 676 74
cam_04 4169 2 1 662 77
cam_04 4164 2 1 663 -56
cam_04 4145 1 1 307 598
cam_04 4176 2 1 640 9
cam_04 4143 1 1 365 501
cam_04 4172 2 1 664 139
cam_04 4170 1 1 251 638
cam_04 4178 1 1 297 586
cam_04 4191 1 1 410 414
cam_04 4230 2 1 678 42
cam_04 4231 2 1 713 -94
cam_04 4239 2 1 686 78
cam_04 4239 2 1 683 42
cam_04 4255 1 1 312 636
cam_04 4265 2 1 673 143
cam_04 4239 1 1 393 459
cam_04 4239 1 1 468 497
cam_04 4254 1 1 342 596
cam_04 4287 2 1 700 76
cam_04 4251 1 1 398 495
cam_04 4259 1 1 237 625
cam_04 4290 1 1 226 679
cam_04 4299 1 1 192 645
cam_04 4319 1 1 229 711
cam_04 4316 1 1 140 708
cam_04 4333 1 1 304 645
cam_04 4332 1 1 324 596
cam_04 4357 2 1 687 -76
cam_04 4344 1 1 388 482
cam_04 4346 1 1 330 470
cam_04 4377 2 1 648 105
cam_04 4364 2 1 665 112
cam_04 4383 2 1 681 -74
cam_04 4388 2 1 657 111
cam_04 4379 2 1 642 141
cam_04 4391 2 2 621 138
cam_04 4391 2 1 677 104
cam_04 4393 2 1 682 -122
cam_04 4400 2 1 674 178
cam_04 4399 2 1 744 -53
cam_04 4404 2 1 686 71
cam_04 4396 2 1 734 -204
cam_04 4410 2 1 688 -57
cam_04 4406 2 1 652 142
cam_04 4417 2 1 631 3
cam_04 4415 2 1 629 100
cam_04 4425 2 1 689 -91
cam_04 4433 2 1 670 139
cam_04 4434 2 1 693 7
cam_04 4440 2 1 668 -52
cam_04 4449 2 1 647 42
cam_04 4458 2 1 648 34
cam_04 4421 1 1 315 492
cam_04 4448 2 1 652 141
cam_04 4449 2 1 669 -86
cam_04 4470 2 1 661 -60
cam_04 4484 2 1 631 144
cam_04 4476 2 1 690 -62
cam_04 4473 2 1 730 9
cam_04 4448 1 1 364 505
cam_04 4491 2 1 652 75
cam_04 4494 1 2 336 681
cam_04 4460 1 1 445 447
cam_04 4493 2 1 627 141
cam_04 4470 1 1 394 528
cam_04 4469 1 1 366 444
cam_04 4521 2 1 690 74
cam_04 4505 1 1 219 720
cam_04 4528 2 1 627 6
cam_04 4520 2 1 660 78
cam_04 4540 1 1 228 657
cam_04 4535 1 1 289 738
cam_04 4575 1 1 184 684
cam_04 4586 1 1 220 607
cam_04 4614 2 1 689 76
cam_04 4618 2 1 663 25
cam_04 4625 2 1 637 141
cam_04 4600 1 1 218 713
cam_04 4637 2 1 675 141
cam_04 4610 1 1 329 549
cam_04 4613 1 1 330 680
cam_04 4609 1 1 183 664
cam_04 4644 2 1 695 -79
cam_04 4627 1 1 132 750
cam_04 4652 2 1 652 178
cam_04 4644 2 1 687 8
cam_04 4662 2 1 678 76
cam_04 4631 1 1 330 613
cam_04 4668 2 1 623 41
cam_04 4637 1 1 293 655
cam_04 4649 1 1 285 674
cam_04 4647 1 1 219 639
cam_04 4675 1 1 217 731
cam_04 4693 1 1 172 713
cam_04 4679 1 1 228 730
cam_04 4723 1 2 305 655
cam_04 4684 1 1 138 730
cam_04 4719 2 1 678 10
cam_04 4744 1 2 158 660
cam_04 4713 1 1 90 721
cam_04 4726 2 1 705 -94
cam_04 4727 2 1 641 109
cam_04 4712 1 1 282 667
cam_04 4740 2 1 710 10
cam_04 4725 1 1 212 627
cam_04 4768 2 4 669 19
cam_04 4747 2 1 650 -136
cam_04 4715 1 1 209 712
cam_04 4752 2 1 570 -253
cam_04 4759 2 1 692 -148
cam_04 4766 2 1 687 -161
cam_04 4736 1 1 376 414
cam_04 4740 1 1 275 513
cam_04 4752 1 1 232 641
cam_04 4792 2 1 649 142
cam_04 4794 2 2 665 7
cam_04 4794 2 1 670 -42
cam_04 4774 1 1 99 760
cam_04 4795 2 1 677 -72
cam_04 4802 2 1 660 142
cam_04 4801 1 3 174 648
cam_04 4805 2 1 660 174
cam_04 4811 2 1 653 142
cam_04 4781 1 1 206 725
cam_04 4835 2 1 690 174
cam_04 4821 2 2 693 41
cam_04 4822 2 1 685 -77
cam_04 4817 1 2 273 681
cam_04 4831 2 1 625 -18
cam_04 4831 2 1 674 9
cam_04 4834 2 1 657 -21
cam_04 4836 2 1 655 -39
cam_04 4817 1 1 97 722
cam_04 4845 2 1 628 42
cam_04 4844 1 2 273 683
cam_04 4842 2 1 659 -76
cam_04 4805 1 1 77 730
cam_04 4851 2 1 688 -21
cam_04 4855 2 1 685 47
cam_04 4829 1 1 151 719
cam_04 4855 2 1 673 -77
cam_04 4858 2 1 695 -77
cam_04 4832 1 1 252 700
cam_04 4819 1 1 210 642
cam_04 4868 2 1 646 171
cam_04 4871 2 1 656 139
cam_04 4861 2 1 683 -94
cam_04 4840 1 1 138 727
cam_04 4883 2 1 643 174
cam_04 4844 1 1 282 555
cam_04 4854 1 1 221 629
cam_04 4887 2 1 709 44
cam_04 4885 2 1 695 -121
cam_04 4881 2 1 664 -334
cam_04 4862 1 1 183 720
cam_04 4870 1 1 146 677
cam_04 4893 2 1 690 78
cam_04 4905 2 1 679 76
cam_04 4898 2 1 669 145
cam_04 4883 1 1 234 704
cam_04 4908 2 1 676 12
cam_04 4922 2 1 672 142
cam_04 4889 1 1 255 624
cam_04 4923 2 1 695 23
cam_04 4920 2 1 703 11
cam_04 4918 2 1 704 -142
cam_04 4889 1 1 323 594
cam_04 4883 1 1 120 688
cam_04 4931 2 1 652 174
cam_04 4931 2 1 624 140
cam_04 4935 2 1 699 -36
cam_04 4938 2 1 656 -75
cam_04 4933 2 1 709 -107
cam_04 4944 2 1 622 -55
cam_04 4942 2 1 686 -108
cam_04 4953 2 1 683 104
cam_04 4955 2 1 625 137
cam_04 4995 2 1 696 126
cam_04 4958 2 1 707 141
cam_04 4944 1 1 210 650
cam_04 4948 1 1 259 672
cam_04 4970 2 1 658 111
cam_04 4956 1 1 331 481
cam_04 4985 2 1 693 143
cam_04 4984 2 1 664 -447
cam_04 4981 2 1 809 -305
cam_04 4985 2 1 672 -528
cam_04 4992 2 1 712 49
cam_04 4974 1 1 348 545
cam_04 5008 2 1 617 -35
cam_04 5007 2 1 705 -90
cam_04 5012 2 1 655 141
cam_04 4998 1 1 257 540
cam_04 5019 2 1 648 39
cam_04 5003 1 1 354 591
cam_04 5007 1 1 272 548
cam_04 4995 1 1 325 466
cam_04 4998 1 1 440 431
cam_04 5034 2 1 628 80
cam_04 5031 2 1 672 46
cam_04 5025 2 1 751 -184
cam_04 5004 1 1 349 468
cam_04 5045 2 1 643 175
cam_04 5040 2 1 666 -122
cam_04 5023 1 1 135 678
cam_04 5049 2 1 710 75
cam_04 5030 1 1 167 721
cam_04 5058 2 1 652 -27
cam_04 5061 2 1 684 4
cam_04 5069 2 1 700 175
cam_04 5050 1 1 162 657
cam_04 5056 1 1 174 652
cam_04 5080 2 1 676 -6
cam_04 5048 1 1 346 553
cam_04 5088 2 1 649 23
cam_04 5096 2 1 678 180
cam_04 5094 2 1 716 -193
cam_04 5091 2 1 759 -92
cam_04 5108 2 1 666 175
cam_04 5081 1 1 220 638
cam_04 5078 1 1 380 518
cam_04 5109 2 1 688 44
cam_04 5119 2 1 645 72
cam_04 5090 1 1 242 706
cam_04 5116 2 1 702 -156
cam_04 5118 2 1 706 47
cam_04 5124 2 1 635 37
cam_04 5131 2 1 652 -28
cam_04 5114 1 1 157 709
cam_04 5105 1 1 77 731
cam_04 5140 2 1 663 -44
cam_04 5151 2 1 675 7
cam_04 5146 2 1 674 -27
cam_04 5154 2 1 652 -21
cam_04 5159 2 1 624 142
cam_04 5169 2 1 659 12
cam_04 5141 1 1 189 637
cam_04 5178 2 1 664 68
cam_04 5177 2 1 659 143
cam_04 5162 1 1 136 747
cam_04 5199 2 1 668 43
cam_04 5222 2 1 682 140
cam_04 5228 2 1 678 176
cam_04 5228 1 1 222 615
cam_04 5253 2 1 641 10
cam_04 5267 2 1 677 147
cam_04 5258 2 1 698 145
cam_04 5265 2 1 737 46
cam_04 5274 2 1 653 8
cam_04 5275 2 1 695 40
cam_04 5252 1 1 315 593
cam_04 5278 2 1 660 -94
cam_04 5294 2 1 673 141
cam_04 5267 1 1 298 550
cam_04 5265 1 1 444 446
cam_04 5299 2 1 676 -123
cam_04 5284 1 1 193 643
cam_04 5299 2 1 734 -198
cam_04 5310 2 1 757 -92
cam_04 5322 2 1 643 73
cam_04 5324 2 1 686 181
cam_04 5286 1 1 288 676
cam_04 5291 1 1 309 567
cam_04 5315 2 1 673 109
cam_04 5323 2 1 732 -60
cam_04 5340 2 1 689 143
cam_04 5334 2 1 654 77
cam_04 5297 1 1 363 527
cam_04 5337 2 1 663 -62
cam_04 5328 2 1 678 -120
cam_04 5340 2 1 713 40
cam_04 5307 1 1 186 647
cam_04 5351 2 1 675 173
cam_04 5319 1 1 117 732
cam_04 5352 2 1 684 41
cam_04 5358 2 1 675 -60
cam_04 5336 1 1 232 610
cam_04 5364 2 1 632 77
cam_04 5371 2 1 686 -25
cam_04 5379 2 1 703 42
cam_04 5373 2 1 714 8
cam_04 5370 2 1 721 75
cam_04 5359 1 1 102 752
cam_04 5371 1 1 218 740
cam_04 5366 1 1 265 536
cam_04 5397 2 1 635 38
cam_04 5391 2 1 645 -52
cam_04 5373 1 1 396 565
cam_04 5409 2 1 635 45
cam_04 5386 1 1 208 749
cam_04 5416 2 1 668 -57
cam_04 5413 2 1 637 -128
cam_04 5418 2 1 733 -215
cam_04 5428 2 1 678 3
cam_04 5429 2 1 642 143
cam_04 5424 2 1 722 -162
cam_04 5434 2 1 705 -124
cam_04 5438 2 1 665 146
cam_04 5400 1 1 441 431
cam_04 5428 1 1 150 733
cam_04 5444 2 1 645 109
cam_04 5454 2 1 695 44
cam_04 5439 1 1 348 634
cam_04 5434 1 1 212 662
cam_04 5434 1 1 306 657
cam_04 5436 1 1 390 523
cam_04 5448 1 1 344 438
cam_04 5448 1 1 346 529
cam_04 5478 2 1 652 41
cam_04 5484 2 1 674 41
cam_04 5462 1 1 125 732
cam_04 5499 2 1 705 40
cam_04 5484 1 1 287 683
cam_04 5525 1 2 277 675
cam_04 5505 1 1 275 603
cam_04 5515 2 1 687 -26
cam_04 5538 2 1 681 74
cam_04 5502 1 1 220 576
cam_04 5541 1 2 269 689
cam_04 5543 2 1 650 144
cam_04 5520 1 1 210 611
cam_04 5552 2 1 660 177
cam_04 5561 2 1 645 141
cam_04 5546 1 1 149 693
cam_04 5546 1 1 239 693
cam_04 5551 1 1 407 634
cam_04 5586 2 1 651 73
cam_04 5564 1 1 168 716
cam_04 5549 1 1 169 718
cam_04 5597 2 1 673 143
cam_04 5608 1 1 206 666
cam_04 5613 1 1 246 672
cam_04 5610 1 1 331 515
cam_04 5626 1 1 110 753
cam_04 5621 1 1 413 516
cam_04 5639 1 1 209 673
cam_04 5662 2 1 682 -145
cam_04 5648 1 1 207 642
cam_04 5676 2 1 671 -14
cam_04 5685 2 1 683 40
cam_04 5664 1 1 263 559
cam_04 5685 2 1 645 39
cam_04 5702 2 1 680 144
cam_04 5697 2 2 714 -55
cam_04 5678 1 1 253 620
cam_04 5705 2 1 645 150
cam_04 5704 2 1 714 -125
cam_04 5709 2 1 692 -147
cam_04 5712 2 1 662 40
cam_04 5718 2 1 656 69
cam_04 5707 1 1 238 661
cam_04 5727 2 1 679 -26
cam_04 5714 1 1 185 743
cam_04 5724 1 1 234 626
cam_04 5750 2 1 699 174
cam_04 5747 2 1 679 147
cam_04 5758 2 1 644 5
cam_04 5755 2 1 733 -54
cam_04 5757 2 1 694 -96
cam_04 5757 2 1 688 -186
cam_04 5763 2 1 644 -125
cam_04 5767 2 1 703 -62
cam_04 5781 2 1 681 -25
cam_04 5778 2 1 686 43
cam_04 5794 2 1 679 -90
cam_04 5785 2 1 710 -57
cam_04 5744 1 1 311 583
cam_04 5791 1 1 160 665
cam_04 5775 1 1 299 561
cam_04 5804 2 1 676 140
cam_04 5777 1 1 161 719
cam_04 5808 2 1 647 42
cam_04 5790 1 1 281 647
cam_04 5814 2 1 646 34
cam_04 5830 2 1 685 -28
cam_04 5829 2 1 690 -23
cam_04 5851 2 1 645 -95
cam_04 5834 1 1 256 566
cam_04 5849 1 1 275 574
cam_04 5861 1 1 210 615
cam_04 5871 1 1 267 590
cam_04 5872 1 1 259 654
cam_04 5879 1 1 403 517
cam_04 5904 2 1 649 -92
cam_04 5894 1 1 283 577
cam_04 5908 1 1 248 655
cam_04 5941 2 4 744 -18
cam_04 5922 2 1 551 -272
cam_04 5925 2 1 756 9
cam_04 5953 2 1 663 -92
cam_04 5944 1 1 189 650
cam_04 5969 2 1 685 176
cam_04 5961 2 1 749 -171
cam_04 5970 2 1 624 5
cam_04 5981 2 1 682 172
cam_04 5982 2 1 640 7
cam_04 5967 1 2 290 731
cam_04 5981 1 1 182 715
cam_04 5978 1 1 286 747
cam_04 6002 2 1 656 142
cam_04 5991 2 1 758 -210
cam_04 5997 2 1 730 -153
cam_04 6008 2 1 674 143
cam_04 5988 1 1 253 752
cam_04 5986 1 1 166 662
cam_04 6018 2 1 663 103
cam_04 5994 1 1 264 629
cam_04 5991 1 1 329 536
cam_04 6027 2 1 754 10
cam_04 6002 1 1 387 362
cam_04 6027 2 1 628 -108
cam_04 6018 1 1 129 668
cam_04 6036 2 1 676 -49
cam_04 6037 2 1 723 -26
cam_04 6046 2 1 710 40
cam_04 6031 2 1 736 -303
cam_04 6040 2 1 652 -29
cam_04 6020 1 1 421 478
cam_04 6048 2 1 676 42
cam_04 6048 2 1 715 43
cam_04 6020 1 1 330 503
cam_04 6056 2 1 672 141
cam_04 6050 1 1 264 580
cam_04 6078 2 1 675 43
cam_04 6096 2 1 714 40
cam_04 6074 1 1 296 523
cam_04 6097 2 1 707 -27
cam_04 6081 1 1 374 426
cam_04 6104 1 1 140 660
cam_04 6114 2 1 664 9
cam_04 6130 2 1 680 -10
cam_04 6123 2 1 694 42
cam_04 6125 2 1 633 142
cam_04 6141 2 2 655 -57
cam_04 6136 2 1 674 -82
cam_04 6111 1 1 347 542
cam_04 6139 2 1 738 -97
cam_04 6108 1 1 396 449
cam_04 6142 2 1 740 -94
cam_04 6148 2 1 686 -21
cam_04 6155 2 1 659 140
cam_04 6145 2 1 734 -147
cam_04 6154 2 1 692 -14
cam_04 6154 2 1 661 -150
cam_04 6147 2 1 711 -163
cam_04 6171 2 1 625 39
cam_04 6165 2 1 712 7
cam_04 6141 1 1 116 728
cam_04 6159 2 1 700 -142
cam_04 6165 2 1 656 -9
cam_04 6174 2 1 681 38
cam_04 6156 1 1 197 651
cam_04 6155 1 1 304 660
cam_04 6183 2 1 666 41
cam_04 6204 2 1 687 144
cam_04 6193 2 1 637 5
cam_04 6206 2 1 664 110
cam_04 6194 1 3 163 669
cam_04 6171 1 1 285 566
cam_04 6202 2 1 718 -25
cam_04 6206 2 1 633 148
cam_04 6213 2 1 646 107
cam_04 6180 1 1 343 501
cam_04 6214 1 2 293 664
cam_04 6208 1 1 186 668
cam_04 6233 1 2 258 692
cam_04 6252 2 1 641 44
cam_04 6265 2 2 631 74
cam_04 6241 1 1 251 645
cam_04 6279 2 2 664 73
cam_04 6252 1 1 371 489
cam_04 6277 2 1 652 -160
cam_04 6287 2 1 674 140
cam_04 6254 1 1 315 576
cam_04 6286 2 1 645 -115
cam_04 6296 2 1 638 142
cam_04 6265 1 1 211 683
cam_04 6299 2 1 665 178
cam_04 6305 2 1 651 144
cam_04 6298 2 1 752 6
cam_04 6311 2 1 628 147
cam_04 6310 2 1 681 -47
cam_04 6293 1 1 225 600
cam_04 6320 2 1 685 173
cam_04 6321 1 2 176 673
cam_04 6326 2 1 671 107
cam_04 6327 2 1 674 71
cam_04 6321 2 1 731 -57
cam_04 6337 2 1 703 -83
cam_04 6337 1 4 240 574
cam_04 6346 2 1 710 5
cam_04 6348 2 1 671 41
cam_04 6360 2 1 659 7
cam_04 6314 1 1 147 674
cam_04 6356 2 1 683 175
cam_04 6353 2 1 660 143
cam_04 6365 2 1 644 180
cam_04 6356 1 2 290 682
cam_04 6368 2 1 672 148
cam_04 6363 2 1 654 42
cam_04 6344 1 1 271 547
cam_04 6371 2 1 635 106
cam_04 6377 2 1 636 177
cam_04 6380 2 1 674 143
cam_04 6387 2 1 671 40
cam_04 6396 2 1 653 43
cam_04 6374 1 1 255 552
cam_04 6402 2 1 646 9
cam_04 6414 2 1 709 44
cam_04 6415 2 1 673 -28
cam_04 6423 2 1 690 5
cam_04 6428 2 1 682 106
cam_04 6429 2 1 681 -25
cam_04 6416 1 1 188 660
cam_04 6447 2 1 684 -88
cam_04 6439 1 2 329 656
cam_04 6454 2 1 699 40
cam_04 6433 1 1 156 688
cam_04 6446 1 1 325 541
cam_04 6483 2 1 678 44
cam_04 6479 2 1 656 144
cam_04 6448 1 1 245 651
cam_04 6492 2 1 704 -25
cam_04 6500 2 1 681 178
cam_04 6518 2 1 666 177
cam_04 6531 2 1 724 42
cam_04 6533 2 1 680 141
cam_04 6538 2 1 654 -84
cam_04 6542 2 1 630 142
cam_04 6549 2 1 689 73
cam_04 6575 1 1 179 713
cam_04 6605 2 1 637 141
cam_04 6635 2 1 683 176
cam_04 6611 1 1 303 561
cam_04 6656 1 1 268 560
cam_04 6687 2 2 635 42
cam_04 6672 1 1 230 600
cam_04 6682 2 1 648 -127
cam_04 6673 1 1 190 633
cam_04 6696 2 2 660 7
cam_04 6702 2 1 667 75
cam_04 6713 2 1 681 174
cam_04 6692 1 1 273 615
cam_04 6693 1 1 216 667
cam_04 6725 2 2 662 106
cam_04 6705 1 1 282 608
cam_04 6731 2 1 679 106
cam_04 6708 1 1 150 640
cam_04 6719 1 1 279 555
cam_04 6744 2 2 690 6
cam_04 6749 2 1 678 141
cam_04 6755 2 1 664 145
cam_04 6758 2 1 645 144
cam_04 6766 2 1 724 -60
cam_04 6759 1 1 200 636
cam_04 6783 1 2 202 680
cam_04 6786 2 1 654 14
cam_04 6792 2 1 658 -29
cam_04 6813 2 4 658 117
cam_04 6796 2 1 600 -122
cam_04 6803 2 1 681 141
cam_04 6813 2 1 688 9
cam_04 6788 1 1 206 617
cam_04 6822 2 1 689 -72
cam_04 6834 2 1 686 42
cam_04 6828 2 1 656 41
cam_04 6828 2 1 729 40
cam_04 6804 1 1 337 537
cam_04 6840 2 1 583 74
cam_04 6812 1 1 288 548
cam_04 6852 2 1 630 74
cam_04 6849 2 1 605 9
cam_04 6831 1 1 178 620
cam_04 6829 1 1 153 756
cam_04 6861 2 1 740 40
cam_04 6843 1 1 304 577
cam_04 6861 2 1 704 -59
cam_04 6843 1 1 331 440
cam_04 6857 1 1 207 690
cam_04 6876 2 1 700 39
cam_04 6884 2 1 680 142
cam_04 6876 2 1 765 -24
cam_04 6862 1 1 308 710
cam_04 6886 2 1 663 -151
cam_04 6904 2 1 653 39
cam_04 6893 2 1 649 141
cam_04 6911 2 1 651 142
cam_04 6875 1 1 234 632
cam_04 6899 2 1 622 145
cam_04 6920 2 1 652 139
cam_04 6927 2 1 690 9
cam_04 6926 2 1 642 214
cam_04 6900 1 1 336 486
cam_04 6937 2 1 685 71
cam_04 6905 1 1 216 641
cam_04 6925 2 1 694 -165
cam_04 6937 2 1 708 3
cam_04 6943 2 1 682 -47
cam_04 6938 2 1 637 146
cam_04 6949 2 1 656 -26
cam_04 6945 2 1 655 82
cam_04 6949 2 1 709 -139
cam_04 6957 2 1 715 -121
cam_04 6932 1 1 309 501
cam_04 6935 1 1 367 531
cam_04 6966 2 1 700 -60
cam_04 6966 2 1 708 -24
cam_04 6963 2 1 708 45
cam_04 6980 2 1 685 175
cam_04 6975 2 1 688 38
cam_04 6975 2 1 647 -23
cam_04 6988 2 1 719 -59
cam_04 6989 2 1 684 106
cam_04 6993 2 1 671 77
cam_04 6982 2 1 681 7
cam_04 7004 2 1 673 146
cam_04 7042 2 1 697 -126
cam_04 7032 1 1 338 565
cam_04 7045 1 1 174 771
cam_04 7058 2 1 649 107
cam_04 7086 2 1 687 74
cam_04 7085 2 1 686 143
cam_04 7058 1 1 316 481
cam_04 7100 2 1 711 140
cam_04 7063 1 1 216 747
cam_04 7097 2 1 673 142
cam_04 7101 2 1 615 71
cam_04 7073 1 1 290 600
cam_04 7071 1 1 374 473
cam_04 7119 2 2 692 72
cam_04 7155 2 1 652 107
cam_04 7117 2 1 741 -154
cam_04 7134 2 1 686 107
cam_04 7119 2 1 813 -278
cam_04 7136 2 1 650 146
cam_04 7122 2 1 671 46
cam_04 7128 2 1 752 -23
cam_04 7123 2 1 782 -223
cam_04 7104 1 1 319 483
cam_04 7130 2 1 622 112
cam_04 7127 1 1 185 675
cam_04 7147 2 1 759 -61
cam_04 7152 2 1 718 39
cam_04 7156 2 1 747 -80
cam_04 7167 2 1 691 41
cam_04 7163 2 1 677 145
cam_04 7158 2 1 674 -95
cam_04 7161 2 1 874 -57
cam_04 7173 2 1 711 142
cam_04 7177 2 1 648 -75
cam_04 7152 1 1 223 627
cam_04 7185 2 1 667 106
cam_04 7184 2 1 615 178
cam_04 7188 2 1 672 -22
cam_04 7191 2 1 690 41
cam_04 7193 2 1 662 143
cam_04 7206 2 1 665 69
cam_04 7195 2 1 697 -173
cam_04 7199 2 1 668 138
cam_04 7206 2 1 782 11
cam_04 7181 1 1 258 555
cam_04 7185 1 1 253 666
cam_04 7218 2 1 661 11
cam_04 7214 2 1 669 144
cam_04 7182 1 1 348 519
cam_04 7222 2 1 648 -83
cam_04 7231 2 1 653 -28
cam_04 7231 2 1 620 -25
cam_04 7241 2 1 671 178
cam_04 7236 2 1 626 39
cam_04 7259 2 1 682 143
cam_04 7250 2 1 774 -552
cam_04 7253 2 1 921 -464
cam_04 7253 2 1 940 -475
cam_04 7264 2 1 685 -54
cam_04 7230 1 1 156 664
cam_04 7275 2 1 693 43
cam_04 7239 1 2 250 358
cam_04 7277 2 1 655 145
cam_04 7281 2 1 693 -155
cam_04 7289 2 1 678 143
cam_04 7269 1 1 176 640
cam_04 7290 2 1 741 -28
cam_04 7303 2 1 701 -28
cam_04 7287 1 1 245 643
cam_04 7264 1 1 166 730
cam_04 7314 2 1 703 73
cam_04 7319 2 1 676 175
cam_04 7317 2 1 643 77
cam_04 7295 1 1 299 625
cam_04 7326 2 1 654 -58
cam_04 7334 2 1 713 144
cam_04 7332 2 1 674 43
cam_04 7345 2 1 722 -93
cam_04 7326 1 1 259 648
cam_04 7354 2 1 678 -26
cam_04 7337 1 1 176 718
cam_04 7343 1 1 144 683
cam_04 7340 1 1 195 760
cam_04 7369 2 1 657 10
cam_04 7372 2 1 651 -18
cam_04 7347 1 1 218 658
cam_04 7368 2 1 696 -57
cam_04 7377 2 1 644 74
cam_04 7349 1 1 256 710
cam_04 7382 2 1 678 145
cam_04 7374 2 1 745 -19
cam_04 7366 1 1 263 642
cam_04 7375 1 1 136 750
cam_04 7388 2 1 609 144
cam_04 7399 2 2 688 70
cam_04 7389 1 3 326 349
cam_04 7390 2 1 638 -281
cam_04 7396 2 1 665 -31
cam_04 7382 1 1 213 694
cam_04 7368 1 1 349 458
cam_04 7416 2 1 674 43
cam_04 7437 2 1 679 111
cam_04 7436 2 2 659 143
cam_04 7445 2 1 624 107
cam_04 7425 1 1 313 523
cam_04 7437 1 1 166 667
cam_04 7442 1 1 197 727
cam_04 7465 2 1 667 6
cam_04 7466 2 2 621 104
cam_04 7451 1 1 137 732
cam_04 7476 2 1 658 6
cam_04 7476 2 1 660 48
cam_04 7482 2 1 685 7
cam_04 7482 2 1 644 74
cam_04 7479 1 1 231 626
cam_04 7487 1 1 271 588
cam_04 7518 2 1 705 78
cam_04 7525 2 2 684 5
cam_04 7532 2 1 678 141
cam_04 7542 2 1 700 41
cam_04 7532 2 1 646 106
cam_04 7536 2 1 686 5
cam_04 7536 2 1 744 -129
cam_04 7517 1 1 313 496
cam_04 7559 2 1 664 147
cam_04 7557 2 1 747 9
cam_04 7564 2 1 689 -81
cam_04 7550 1 1 251 624
cam_04 7568 2 1 629 142
cam_04 7561 1 1 145 682
cam_04 7570 2 1 664 -39
cam_04 7578 2 1 708 -22
cam_04 7572 2 1 716 -95
cam_04 7580 2 1 675 139
cam_04 7581 2 1 703 77
cam_04 7587 2 1 617 6
cam_04 7595 2 1 627 143
cam_04 7573 1 1 200 637
cam_04 7571 1 1 315 593
cam_04 7581 1 1 107 744
cam_04 7604 2 1 683 143
cam_04 7605 2 1 620 38
cam_04 7600 2 1 740 -158
cam_04 7618 2 1 722 -147
cam_04 7627 2 1 681 7
cam_04 7635 2 1 663 7
cam_04 7644 2 1 675 8
cam_04 7622 1 1 204 639
cam_04 7656 2 1 674 76
cam_04 7653 2 1 675 -146
cam_04 7660 2 1 655 -96
cam_04 7660 2 1 744 -28
cam_04 7667 2 1 645 174
cam_04 7675 2 1 745 -62
cam_04 7656 1 1 302 546
cam_04 7683 2 1 644 76
cam_04 7695 2 1 678 105
cam_04 7674 2 1 707 -55
cam_04 7683 2 1 614 10
cam_04 7691 2 1 654 140
cam_04 7668 1 1 255 596
cam_04 7674 1 1 317 559
cam_04 7698 2 1 649 -160
cam_04 7707 2 1 655 -329
cam_04 7708 2 1 768 -360
cam_04 7699 1 1 171 738
cam_04 7721 2 1 675 172
cam_04 7708 1 1 221 744
cam_04 7737 2 1 676 40
cam_04 7704 1 1 457 458
cam_04 7692 1 1 366 430
cam_04 7741 2 1 727 5
cam_04 7733 2 1 628 176
cam_04 7741 2 1 697 -42
cam_04 7722 1 1 145 673
cam_04 7749 2 1 675 63
cam_04 7754 2 1 682 138
cam_04 7759 2 1 737 -25
cam_04 7747 2 1 685 -92
cam_04 7772 2 1 654 140
cam_04 7764 2 1 676 43
cam_04 7756 2 1 710 -99
cam_04 7733 1 1 172 689
cam_04 7748 1 1 329 614
cam_04 7757 1 1 219 624
cam_04 7781 2 1 645 108
cam_04 7755 1 1 361 536
cam_04 7754 1 1 309 496
cam_04 7791 2 1 682 41
cam_04 7796 2 1 661 143
cam_04 7809 2 1 666 7
cam_04 7778 1 1 397 466
cam_04 7819 2 1 694 5
cam_04 7784 1 1 456 443
cam_04 7794 1 1 323 545
cam_04 7815 2 1 667 45
cam_04 7832 2 1 679 141
cam_04 7803 1 1 329 530
cam_04 7806 1 1 262 626
cam_04 7832 2 1 675 140
cam_04 7845 2 1 682 74
cam_04 7816 1 1 208 656
cam_04 7844 2 1 682 142
cam_04 7820 1 1 240 690
cam_04 7859 1 2 296 673
cam_04 7830 1 1 349 665
cam_04 7857 2 1 663 43
cam_04 7875 2 1 693 109
cam_04 7849 1 1 182 656
cam_04 7872 2 1 695 40
cam_04 7886 2 1 643 142
cam_04 7888 2 1 697 4
cam_04 7885 2 1 703 -58
cam_04 7922 1 4 281 688
cam_04 7892 2 1 643 138
cam_04 7896 2 1 644 107
cam_04 7909 2 1 713 39
cam_04 7886 1 1 296 542
cam_04 7883 1 1 355 452
cam_04 7935 2 1 654 40
cam_04 7937 2 1 647 141
cam_04 7952 1 2 270 697
cam_04 7943 2 1 639 110
cam_04 7948 2 1 653 -26
cam_04 7951 2 1 699 7
cam_04 7959 2 1 712 44
cam_04 7960 2 1 663 -43
cam_04 7936 1 1 100 738
cam_04 7986 2 1 655 105
cam_04 7971 2 1 674 40
cam_04 7970 2 1 695 140
cam_04 7983 2 1 691 41
cam_04 7979 2 1 634 140
cam_04 7962 1 2 320 684
cam_04 7958 1 1 312 526
cam_04 7976 1 2 282 683
cam_04 7956 1 1 354 471
cam_04 7992 2 1 677 22
cam_04 8002 2 1 686 -25
cam_04 8004 2 1 676 -65
cam_04 7967 1 1 379 407
cam_04 8010 2 1 679 77
cam_04 8018 2 1 666 174
cam_04 7989 1 1 188 661
cam_04 8019 2 1 667 -55
cam_04 8001 1 1 277 651
cam_04 8026 2 1 640 35
cam_04 8002 1 1 208 633
cam_04 8012 1 1 209 674
cam_04 8044 2 1 700 10
cam_04 8055 2 1 675 146
cam_04 8044 2 1 673 -56
cam_04 8054 1 2 250 693
cam_04 8017 1 1 135 734
cam_04 8051 2 1 642 142
cam_04 8055 2 1 723 -57
cam_04 8058 2 1 675 -163
cam_04 8073 2 1 678 72
cam_04 8064 2 1 686 43
cam_04 8053 1 1 176 641
cam_04 8075 1 2 262 686
cam_04 8057 1 1 252 579
cam_04 8058 1 1 198 650
cam_04 8088 2 1 789 -74
cam_04 8100 2 1 690 76
cam_04 8097 2 1 679 -25
cam_04 8089 1 1 162 673
cam_04 8117 2 1 683 176
cam_04 8081 1 1 227 650
cam_04 8096 1 1 276 636
cam_04 8115 1 1 228 750
cam_04 8097 1 1 408 565
cam_04 8135 2 1 686 177
cam_04 8115 1 1 289 667
cam_04 8134 2 1 690 -29
cam_04 8129 1 1 276 670
cam_04 8121 1 1 224 743
cam_04 8129 1 1 138 685
cam_04 8166 2 1 699 18
cam_04 8156 2 1 695 147
cam_04 8140 1 1 234 649
cam_04 8160 2 1 710 -57
cam_04 8170 2 1 690 53
cam_04 8160 2 1 684 39
cam_04 8178 2 1 669 50
cam_04 8148 1 1 207 645
cam_04 8171 2 1 666 148
cam_04 8186 2 1 687 141
cam_04 8148 1 1 318 649
cam_04 8170 2 1 754 -162
cam_04 8178 2 1 664 -74
cam_04 8187 2 1 658 8
cam_04 8189 2 1 629 179
cam_04 8153 1 1 312 623
cam_04 8165 1 1 83 700
cam_04 8162 1 1 329 739
cam_04 8166 1 1 407 458
cam_04 8204 2 1 661 178
cam_04 8172 1 1 303 664
cam_04 8191 1 1 223 609
cam_04 8165 1 1 245 592
cam_04 8214 2 1 709 -24
cam_04 8189 1 1 287 528
cam_04 8234 2 1 693 140
cam_04 8197 1 1 251 681
cam_04 8199 1 1 380 528
cam_04 8235 2 1 652 73
cam_04 8218 1 1 193 639
cam_04 8205 1 1 410 360
cam_04 8249 2 1 664 141
cam_04 8205 1 1 326 576
cam_04 8225 1 1 245 727
cam_04 8238 1 1 271 574
cam_04 8212 1 1 206 665
cam_04 8259 2 1 686 40
cam_04 8239 1 1 223 590
cam_04 8262 2 1 685 75
cam_04 8265 2 1 633 -57
cam_04 8252 1 1 192 723
cam_04 8249 1 1 243 739
cam_04 8277 2 4 726 -84
cam_04 8280 1 2 258 689
cam_04 8274 2 1 596 -197
cam_04 8258 1 1 199 716
cam_04 8270 1 1 215 734
cam_04 8267 1 1 90 708
cam_04 8281 2 1 647 -164
cam_04 8266 1 1 226 674
cam_04 8295 2 1 659 -28
cam_04 8286 2 1 734 -199
cam_04 8296 2 1 640 -53
cam_04 8295 2 1 722 -93
cam_04 8304 2 1 672 2
cam_04 8305 2 1 614 -30
cam_04 8287 1 1 137 670
cam_04 8284 1 1 271 661
cam_04 8288 1 1 288 698
cam_04 8301 1 1 147 725
cam_04 8293 1 1 208 653
cam_04 8329 2 1 657 -9
cam_04 8314 1 1 119 726
cam_04 8342 2 1 691 172
cam_04 8349 2 2 694 3
cam_04 8366 2 4 626 166
cam_04 8353 1 1 148 713
cam_04 8381 2 1 679 177
cam_04 8375 2 1 657 142
cam_04 8384 2 1 666 140
cam_04 8370 1 1 261 544
cam_04 8383 2 1 686 -114
cam_04 8391 2 1 664 45
cam_04 8402 2 1 679 141
cam_04 8401 2 1 657 73
cam_04 8399 2 1 649 142
cam_04 8362 1 1 263 652
cam_04 8376 1 1 269 639
cam_04 8406 2 1 595 5
cam_04 8425 2 1 682 73
cam_04 8417 2 2 624 144
cam_04 8394 1 1 230 560
cam_04 8387 1 1 353 462
cam_04 8419 2 1 706 -219
cam_04 8425 2 1 686 -30
cam_04 8430 2 1 640 -21
cam_04 8438 2 1 656 141
cam_04 8446 2 1 686 40
cam_04 8445 2 1 651 9
cam_04 8453 2 1 665 145
cam_04 8432 1 1 111 744
cam_04 8466 2 2 696 11
cam_04 8467 2 1 668 -122
cam_04 8490 2 1 690 145
cam_04 8475 2 1 635 40
cam_04 8481 2 1 696 79
cam_04 8489 2 1 655 143
cam_04 8486 2 1 612 177
cam_04 8495 2 1 639 144
cam_04 8508 2 1 657 44
cam_04 8516 2 1 669 142
cam_04 8520 2 1 674 -46
cam_04 8489 1 1 96 747
cam_04 8531 2 1 668 176
cam_04 8529 2 1 706 74
cam_04 8513 1 1 254 627
cam_04 8544 2 1 681 74
cam_04 8550 2 1 649 40
cam_04 8516 1 1 400 476
cam_04 8550 2 1 688 -27
cam_04 8547 2 1 681 -53
cam_04 8552 2 1 630 109
cam_04 8556 2 1 591 76
cam_04 8543 1 1 199 694
cam_04 8546 1 1 320 677
cam_04 8565 2 1 663 42
cam_04 8546 1 1 287 535
cam_04 8534 1 1 130 729
cam_04 8562 1 1 197 685
cam_04 8570 1 1 210 713
cam_04 8586 2 1 722 6
cam_04 8597 2 1 675 177
cam_04 8592 2 1 720 -61
cam_04 8589 2 1 663 -92
cam_04 8585 1 1 270 542
cam_04 8615 2 1 672 177
cam_04 8624 1 2 197 669
cam_04 8628 2 1 737 -24
cam_04 8633 2 1 686 176
cam_04 8620 2 1 758 -123
cam_04 8633 2 1 647 179
cam_04 8642 2 1 655 141
cam_04 8647 2 1 674 -58
cam_04 8637 1 1 277 561
cam_04 8619 1 1 235 549
cam_04 8652 2 1 761 44
cam_04 8622 1 1 365 416
cam_04 8661 2 1 688 43
cam_04 8646 1 1 217 660
cam_04 8648 1 1 214 603
cam_04 8670 2 4 655 87
cam_04 8628 1 1 348 515
cam_04 8640 1 1 207 662
cam_04 8674 2 1 720 -154
cam_04 8679 2 1 711 7
cam_04 8676 2 1 738 -186
cam_04 8684 2 1 680 142
cam_04 8700 2 1 672 71
cam_04 8691 2 1 652 -111
cam_04 8687 2 1 612 143
cam_04 8700 2 1 630 7
cam_04 8711 2 1 617 177
cam_04 8690 1 1 147 684
cam_04 8712 2 1 622 40
cam_04 8723 2 1 648 145
cam_04 8716 2 1 715 -64
cam_04 8739 2 1 670 -43
cam_04 8750 2 1 678 141
cam_04 8760 2 1 704 38
cam_04 8754 2 1 700 -88
cam_04 8795 1 3 162 649
cam_04 8773 2 1 682 39
cam_04 8762 1 1 111 718
cam_04 8793 2 1 674 75
cam_04 8819 2 1 658 174
cam_04 8800 2 1 694 -42
cam_04 8802 2 1 725 -56
cam_04 8820 2 1 701 106
cam_04 8817 2 1 633 6
cam_04 8820 2 1 620 -6
cam_04 8818 2 1 689 -151
cam_04 8832 2 1 585 72
cam_04 8826 2 1 659 -92
cam_04 8801 1 1 367 422
cam_04 8821 1 1 277 674
cam_04 8844 2 2 656 107
cam_04 8838 2 1 639 45
cam_04 8817 1 1 196 643
cam_04 8828 1 1 395 475
cam_04 8839 1 1 301 662
cam_04 8846 1 1 183 711
cam_04 8852 1 1 305 799
cam_04 8865 1 1 127 734
cam_04 8850 1 1 423 532
cam_04 8881 1 1 180 669
cam_04 8864 1 1 358 557
cam_04 8885 1 1 321 570
cam_04 8887 1 1 250 666
cam_04 8906 2 1 663 112
cam_04 8900 2 1 637 82
cam_04 8904 1 1 117 735
cam_04 8924 2 1 667 140
cam_04 8931 2 1 681 -22
cam_04 8918 1 1 134 671
cam_04 8939 2 1 694 143
cam_04 8921 1 1 332 577
cam_04 8932 1 1 81 738
cam_04 8951 2 1 674 140
cam_04 8946 1 1 221 650
cam_04 8949 1 1 155 737
cam_04 8974 2 1 625 5
cam_04 8959 1 1 191 656
cam_04 8977 2 1 626 -28
cam_04 8962 1 1 280 663
cam_04 8970 1 1 154 675
cam_04 9015 2 2 734 17
cam_04 8996 2 1 651 143
cam_04 9008 2 1 660 145
cam_04 8998 2 1 655 -196
cam_04 9016 2 1 666 -191
cam_04 9018 2 1 687 -108
cam_04 9036 2 2 688 104
cam_04 9030 2 1 706 4
cam_04 9036 2 1 694 -21
cam_04 9017 1 1 157 730
cam_04 9042 2 1 296 39
cam_04 9040 2 1 664 44
cam_04 9053 2 1 711 135
cam_04 9053 2 1 673 142
cam_04 9072 2 1 690 108
cam_04 9065 2 1 692 143
cam_04 9058 2 1 725 -79
cam_04 9068 2 1 661 143
cam_04 9075 2 1 683 6
cam_04 9084 2 1 663 -29
cam_04 9072 1 1 374 549
cam_04 9078 1 1 433 433
cam_04 9098 1 1 192 707
cam_04 9111 2 1 660 6
cam_04 9120 2 1 683 74
cam_04 9102 1 2 325 686
cam_04 9117 2 1 651 10
cam_04 9126 2 1 677 40
cam_04 9136 2 1 670 -37
cam_04 9107 1 1 314 623
cam_04 9147 2 1 676 37
cam_04 9122 1 1 248 604
cam_04 9160 2 1 645 72
cam_04 9154 2 1 612 36
cam_04 9133 1 1 179 685
cam_04 9155 2 1 590 147
cam_04 9162 2 1 625 75
cam_04 9139 1 1 130 737
cam_04 9141 1 1 345 632
cam_04 9143 1 1 141 738
cam_04 9174 2 1 674 71
cam_04 9155 1 1 194 720
cam_04 9162 1 1 244 629
cam_04 9195 2 1 640 39
cam_04 9186 2 1 656 -24
cam_04 9193 1 1 197 685
cam_04 9214 2 1 672 7
cam_04 9227 2 1 690 177
cam_04 9219 2 1 670 10
cam_04 9220 2 1 711 -171
cam_04 9249 2 1 716 141
cam_04 9231 2 1 663 37
cam_04 9248 2 1 680 141
cam_04 9225 1 1 353 551
cam_04 9264 2 1 661 135
cam_04 9249 1 2 316 661
cam_04 9274 2 1 698 44
cam_04 9242 1 1 260 600
cam_04 9273 2 1 644 26
cam_04 9279 2 1 641 74
cam_04 9284 2 1 678 139
cam_04 9255 1 1 353 462
cam_04 9275 1 1 327 560
cam_04 9303 2 1 669 9
cam_04 9314 2 1 702 174
cam_04 9302 2 1 662 147
cam_04 9297 1 1 281 590
cam_04 9298 1 1 251 618
cam_04 9326 2 1 694 175
cam_04 9326 1 1 176 734
cam_04 9338 2 1 676 143
cam_04 9339 2 1 670 9
cam_04 9347 2 1 689 175
cam_04 9372 2 1 659 109
cam_04 9374 1 3 160 672
cam_04 9382 2 1 693 73
cam_04 9354 1 1 346 476
cam_04 9377 2 2 637 177
cam_04 9381 2 1 656 3
cam_04 9399 2 1 656 -23
cam_04 9384 1 1 328 603
cam_04 9399 1 2 305 691
cam_04 9385 1 1 330 626
cam_04 9413 1 2 269 671
cam_04 9413 2 1 680 139
cam_04 9381 1 1 294 575
cam_04 9379 1 1 166 676
cam_04 9413 1 1 223 591
cam_04 9440 2 2 632 138
cam_04 9451 2 1 680 36
cam_04 9444 2 1 717 -115
cam_04 9440 1 1 162 711
cam_04 9455 2 1 621 141
cam_04 9458 2 1 622 141
cam_04 9483 2 1 686 108
cam_04 9472 2 1 653 7
cam_04 9474 2 1 695 -93
cam_04 9474 2 1 671 -133
cam_04 9483 2 1 654 39
cam_04 9485 2 1 661 178
cam_04 9481 2 1 770 -193
cam_04 9495 2 1 522 173
cam_04 9495 2 1 682 -56
cam_04 9504 2 1 669 77
cam_04 9493 2 1 734 -156
cam_04 9494 1 1 237 607
cam_04 9522 2 1 689 75
cam_04 9507 1 1 302 652
cam_04 9504 1 1 395 488
cam_04 9533 1 1 317 601
cam_04 9567 2 1 636 112
cam_04 9551 1 1 345 494
cam_04 9573 1 1 234 646
cam_04 9564 1 1 315 584
cam_04 9572 1 1 152 651
cam_04 9615 2 2 766 -58
cam_04 9638 2 2 655 108
cam_04 9642 2 1 663 8
cam_04 9664 2 1 641 74
cam_04 9626 1 1 249 549
cam_04 9632 1 1 370 454
cam_04 9645 1 1 282 539
cam_04 9679 2 1 689 6
cam_04 9664 2 2 722 4
cam_04 9671 2 1 649 79
cam_04 9684 2 2 752 -90
cam_04 9691 2 1 681 39
cam_04 9699 2 1 648 76
cam_04 9694 2 1 714 -173
cam_04 9681 1 1 275 601
cam_04 9702 2 1 680 40
cam_04 9693 2 1 697 -107
cam_04 9683 1 1 222 674
cam_04 9730 2 1 693 75
cam_04 9711 2 1 696 -25
cam_04 9712 2 1 666 -29
cam_04 9717 2 1 663 -80
cam_04 9722 2 1 662 176
cam_04 9684 1 1 389 500
cam_04 9703 1 1 156 674
cam_04 9723 2 1 750 -60
cam_04 9728 2 1 678 109
cam_04 9746 2 1 669 101
cam_04 9727 2 1 723 -201
cam_04 9712 1 1 144 762
cam_04 9738 2 1 687 -30
cam_04 9738 2 1 732 -98
cam_04 9729 2 1 768 -97
cam_04 9720 1 1 276 663
cam_04 9750 2 1 649 72
cam_04 9745 2 1 724 -87
cam_04 9720 1 1 216 615
cam_04 9717 1 1 351 538
cam_04 9755 2 1 650 141
cam_04 9777 1 3 148 669
cam_04 9735 1 1 314 523
cam_04 9774 2 1 690 74
cam_04 9777 2 1 709 -17
cam_04 9770 2 1 679 141
cam_04 9754 1 1 137 674
cam_04 9759 2 1 633 48
cam_04 9786 2 1 695 41
cam_04 9787 2 2 622 3
cam_04 9755 1 1 252 649
cam_04 9789 2 1 641 5
cam_04 9783 2 1 723 -89
cam_04 9797 2 1 610 143
cam_04 9798 2 1 702 78
cam_04 9795 2 1 710 -25
cam_04 9804 2 1 698 40
cam_04 9804 2 1 667 42
cam_04 9809 2 1 660 109
cam_04 9814 2 1 657 40
cam_04 9817 2 1 677 -60
cam_04 9822 2 1 695 39
cam_04 9830 2 2 661 139
cam_04 9832 2 1 628 -126
cam_04 9831 2 1 687 73
cam_04 9837 2 1 695 108
cam_04 9839 2 1 703 144
cam_04 9821 1 1 146 677
cam_04 9851 2 1 636 175
cam_04 9849 2 1 659 76
cam_04 9849 2 1 660 40
cam_04 9861 2 1 681 77
cam_04 9851 2 1 642 178
cam_04 9831 1 1 240 622
cam_04 9864 2 1 739 46
cam_04 9837 1 1 283 588
cam_04 9868 2 1 667 -92
cam_04 9876 2 1 686 11
cam_04 9871 2 1 642 -52
cam_04 9874 2 1 710 -96
cam_04 9876 2 1 684 -79
cam_04 9857 1 1 181 735
cam_04 9879 2 1 703 -127
cam_04 9883 2 1 640 -81
cam_04 9886 2 1 714 -24
cam_04 9861 1 1 316 656
cam_04 9891 2 1 696 -27
cam_04 9893 2 1 661 138
cam_04 9901 2 1 663 -25
cam_04 9869 1 1 163 666
cam_04 9909 2 1 663 -49
cam_04 9915 2 1 677 41
cam_04 9911 2 1 617 140
cam_04 9919 2 1 668 -59
cam_04 9913 2 1 713 -191
cam_04 9927 2 1 696 76
cam_04 9919 2 1 657 -219
cam_04 9910 1 1 185 659
cam_04 9930 2 1 667 -24
cam_04 9939 2 1 676 43
cam_04 9931 2 1 715 -143
cam_04 9917 1 1 256 609
cam_04 9941 2 1 680 142
cam_04 9943 2 1 644 -76
cam_04 9933 2 1 768 -300
cam_04 9942 2 1 694 -82
cam_04 9915 1 1 429 464
cam_04 9954 2 1 650 108
cam_04 9956 2 1 686 140
cam_04 9952 2 1 696 -80
cam_04 9926 1 1 122 692
cam_04 9963 2 1 701 39
cam_04 9966 2 1 653 -62
cam_04 9966 2 1 686 -60
cam_04 9974 2 1 660 140
cam_04 9952 1 1 187 663
cam_04 9951 1 1 348 566
cam_04 9953 1 1 369 686
cam_04 9948 1 1 399 484
cam_04 9961 1 1 182 660
cam_04 9986 2 1 676 141
cam_04 9957 1 1 324 609
cam_04 10001 2 1 670 143
cam_04 9987 2 1 663 5
cam_04 9996 1 1 248 630
cam_04 10020 2 1 697 107
cam_04 10019 2 1 632 177
cam_04 10031 2 1 682 174
cam_04 10008 1 1 125 727
cam_04 10005 1 1 353 562
cam_04 10047 2 1 690 111
cam_04 10035 2 1 741 39
cam_04 10053 2 1 682 76
cam_04 10035 2 1 707 8
cam_04 10053 2 1 695 75
cam_04 10067 2 1 679 113
cam_04 10041 1 1 255 562
cam_04 10067 2 1 646 77
cam_04 10077 2 1 675 43
cam_04 10043 1 1 408 425
cam_04 10086 2 1 647 74
cam_04 10094 2 1 667 175
cam_04 10103 2 1 685 175
cam_04 10072 1 1 203 640
cam_04 10092 2 1 699 -27
cam_04 10103 2 1 690 176
cam_04 10106 2 1 661 177
cam_04 10071 1 1 228 618
cam_04 10107 1 1 307 544
cam_04 10106 1 1 414 501
cam_04 10143 2 1 668 8
cam_04 10152 2 1 699 7
cam_04 10160 2 1 676 175
cam_04 10166 1 1 217 574
cam_04 10209 2 1 714 -53
cam_04 10243 1 2 291 666
cam_04 10235 2 1 670 146
cam_04 10242 2 1 685 -157
cam_04 10250 2 2 635 174
cam_04 10238 1 1 251 547
cam_04 10260 2 1 718 13
cam_04 10268 2 1 656 146
cam_04 10248 1 1 284 501
cam_04 10250 1 1 291 599
cam_04 10274 2 1 676 141
cam_04 10274 2 1 666 144
cam_04 10279 2 1 688 -29
cam_04 10281 2 1 661 -26
cam_04 10287 2 1 672 42
cam_04 10256 1 1 321 476
cam_04 10290 2 1 674 41
cam_04 10299 2 1 710 12
cam_04 10308 2 1 661 8
cam_04 10320 2 1 718 43
cam_04 10328 2 1 632 172
cam_04 10327 2 1 682 5
cam_04 10321 2 1 727 -132
cam_04 10329 2 1 649 40
cam_04 10338 2 1 686 108
cam_04 10338 2 1 689 3
cam_04 10359 2 1 675 77
cam_04 10348 2 1 699 -114
cam_04 10371 2 1 678 105
cam_04 10357 2 1 710 5
cam_04 10334 1 1 237 580
cam_04 10337 1 1 321 538
cam_04 10367 2 1 673 141
cam_04 10344 1 1 298 485
cam_04 10383 2 1 690 75
cam_04 10380 2 1 648 42
cam_04 10401 2 1 683 105
cam_04 10380 1 1 201 651
cam_04 10378 1 1 311 739
cam_04 10405 2 1 709 39
cam_04 10389 1 1 176 645
cam_04 10409 2 1 666 142
cam_04 10416 2 1 630 -27
cam_04 10401 1 1 193 670
cam_04 10427 2 1 684 172
cam_04 10398 1 1 280 560
cam_04 10436 1 1 144 697
cam_04 10438 1 1 184 744
cam_04 10443 1 1 243 646
cam_04 10466 2 1 656 141
cam_04 10468 1 1 187 710
cam_04 10487 2 1 648 144
cam_04 10472 1 1 346 542
cam_04 10499 2 1 669 106
cam_04 10519 2 1 681 -95
cam_04 10524 2 1 667 10
cam_04 10536 2 1 674 44
cam_04 10546 2 1 708 39
cam_04 10557 2 1 715 -27
cam_04 10577 2 1 660 141
cam_04 10586 2 1 678 106
cam_04 10553 1 1 318 507
cam_04 10601 2 1 659 179
cam_04 10591 2 1 707 -212
cam_04 10594 2 1 668 -27
cam_04 10609 2 1 653 40
cam_04 10571 1 1 349 434
cam_04 10608 2 1 740 -51
cam_04 10613 2 1 635 141
cam_04 10601 2 1 655 153
cam_04 10617 1 2 285 698
cam_04 10617 2 1 639 8
cam_04 10621 2 1 683 -121
cam_04 10608 1 1 225 639
cam_04 10605 1 1 287 551
cam_04 10630 2 1 660 39
cam_04 10632 2 1 633 45
cam_04 10636 2 1 683 39
cam_04 10653 2 1 678 42
cam_04 10625 1 1 395 494
cam_04 10620 1 1 452 394
cam_04 10626 1 1 263 589
cam_04 10658 2 1 653 140
cam_04 10661 2 1 679 139
cam_04 10640 1 1 382 414
cam_04 10663 1 1 147 666
cam_04 10668 1 1 163 709
cam_04 10682 2 1 667 140
cam_04 10676 1 1 202 715
cam_04 10686 2 1 721 41
cam_04 10695 2 1 676 44
cam_04 10674 1 1 80 713
cam_04 10694 2 1 667 140
cam_04 10706 2 1 674 143
cam_04 10719 1 1 288 600
cam_04 10731 2 1 682 41
cam_04 10733 1 1 244 649
cam_04 10715 1 1 431 498
cam_04 10731 2 1 707 8
cam_04 10736 2 1 665 146
cam_04 10749 2 1 689 43
cam_04 10754 2 1 660 107
cam_04 10762 1 2 315 661
cam_04 10750 1 1 178 724
cam_04 10770 2 2 634 73
cam_04 10767 2 1 575 -229
cam_04 10775 1 2 312 677
cam_04 10783 2 1 650 -61
cam_04 10766 1 1 248 624
cam_04 10788 2 1 672 73
cam_04 10790 2 1 670 143
cam_04 10821 1 3 130 673
cam_04 10792 1 2 257 663
cam_04 10800 2 1 678 47
cam_04 10805 2 1 664 142
cam_04 10777 1 1 198 655
cam_04 10781 1 1 210 728
cam_04 10815 2 1 667 104
cam_04 10796 1 1 133 702
cam_04 10799 1 1 202 712
cam_04 10828 2 1 695 -26
cam_04 10836 2 1 709 79
cam_04 10846 1 2 270 641
cam_04 10845 2 1 716 41
cam_04 10850 2 1 657 176
cam_04 10835 2 1 641 141
cam_04 10860 2 1 649 107
cam_04 10863 2 1 623 105
cam_04 10854 2 1 699 -126
cam_04 10838 1 1 356 423
cam_04 10860 2 1 664 5
cam_04 10827 1 2 275 682
cam_04 10872 2 1 670 74
cam_04 10866 1 2 236 707
cam_04 10826 1 1 200 617
cam_04 10882 2 2 678 38
cam_04 10882 1 2 278 647
cam_04 10888 2 1 680 8
cam_04 10859 1 1 246 567
cam_04 10893 2 1 673 -15
cam_04 10904 2 1 676 139
cam_04 10905 2 1 674 76
cam_04 10895 1 2 292 690
cam_04 10909 1 2 271 648
cam_04 10889 1 1 199 620
cam_04 10926 2 1 640 74
cam_04 10901 1 1 224 615
cam_04 10937 1 2 256 664
cam_04 10943 2 1 685 177
cam_04 10939 2 1 725 -27
cam_04 10915 1 1 135 742
cam_04 10953 2 1 675 7
cam_04 10957 2 1 640 5
cam_04 10934 1 1 202 618
cam_04 10957 2 1 699 36
cam_04 10952 1 1 153 728
cam_04 10941 1 1 393 383
cam_04 10969 2 1 621 6
cam_04 10943 1 1 416 369
cam_04 10990 2 4 631 89
cam_04 10955 1 1 313 497
cam_04 10955 1 1 397 363
cam_04 10981 2 1 632 -233
cam_04 10984 2 1 687 -234
cam_04 10991 2 1 657 -109
cam_04 10992 2 1 698 -120
cam_04 11003 2 1 652 105
cam_04 10985 1 1 123 670
cam_04 10984 1 1 212 754
cam_04 10966 1 1 176 672
cam_04 11013 2 1 608 41
cam_04 10991 1 1 196 716
cam_04 11022 2 1 632 74
cam_04 11001 1 1 319 490
cam_04 11025 2 1 640 79
cam_04 11042 2 1 663 141
cam_04 11021 1 1 220 680
cam_04 11042 2 2 646 139
cam_04 11027 1 1 343 476
cam_04 11061 2 1 686 76
cam_04 11058 2 1 717 78
cam_04 11046 1 1 205 645
cam_04 11069 2 1 640 141
cam_04 11075 2 1 677 149
cam_04 11071 2 1 712 -177
cam_04 11081 2 1 663 109
cam_04 11088 2 1 643 74
cam_04 11079 2 1 659 -21
cam_04 11074 1 1 243 666
cam_04 11078 1 1 310 737
cam_04 11075 1 1 100 712
cam_04 11100 2 1 716 77
cam_04 11084 1 1 196 705
cam_04 11130 2 1 682 140
cam_04 11082 1 1 412 463
cam_04 11117 2 2 657 143
cam_04 11118 2 1 701 -27
cam_04 11129 2 1 639 178
cam_04 11142 2 1 642 73
cam_04 11135 2 1 652 138
cam_04 11105 1 1 231 578
cam_04 11125 1 1 159 682
cam_04 11147 2 1 651 143
cam_04 11155 2 1 714 105
cam_04 11142 1 1 155 750
cam_04 11148 1 1 267 559
cam_04 11166 1 1 312 629
cam_04 11181 1 1 201 659
cam_04 11210 1 1 223 619
cam_04 11207 1 1 318 483
cam_04 11207 1 1 422 451
cam_04 11237 1 1 139 685
cam_04 11250 1 2 299 689
cam_04 11250 2 1 676 6
cam_04 11254 2 1 652 -59
cam_04 11280 1 4 157 679
cam_04 11250 1 1 333 529
cam_04 11277 2 1 701 6
cam_04 11253 1 1 317 491
cam_04 11286 2 1 662 39
cam_04 11286 1 1 370 572
cam_04 11286 1 1 266 592
cam_04 11319 1 1 255 636
cam_04 11343 2 1 655 -23
cam_04 11349 2 1 699 40
cam_04 11369 2 2 632 138
cam_04 11377 2 1 667 -56
cam_04 11379 2 1 725 6
cam_04 11382 2 1 731 -95
cam_04 11375 1 1 147 706
cam_04 11389 2 1 673 6
cam_04 11397 2 1 663 40
cam_04 11403 2 1 677 -86
cam_04 11406 2 1 648 14
cam_04 11409 2 1 641 40
cam_04 11412 2 1 633 106
cam_04 11413 2 1 662 -80
cam_04 11423 2 1 685 174
cam_04 11420 2 1 670 142
cam_04 11431 2 2 686 3
cam_04 11396 1 1 319 506
cam_04 11408 1 1 336 464
cam_04 11431 2 1 685 -28
cam_04 11433 2 1 693 -188
cam_04 11439 2 1 695 77
cam_04 11442 2 1 650 75
cam_04 11423 1 1 141 668
cam_04 11450 2 1 684 105
cam_04 11450 2 1 648 76
cam_04 11424 1 1 353 468
cam_04 11444 2 1 646 140
cam_04 11463 2 1 760 -90
cam_04 11457 2 1 683 -83
cam_04 11474 2 1 664 140
cam_04 11467 2 1 726 -246
cam_04 11473 2 1 678 39
cam_04 11481 2 1 613 -58
cam_04 11498 2 1 682 112
cam_04 11491 2 1 735 -36
cam_04 11491 2 1 750 -92
cam_04 11500 2 1 650 -61
cam_04 11511 2 1 727 -21
cam_04 11502 2 1 667 36
cam_04 11508 2 1 619 40
cam_04 11526 2 1 722 109
cam_04 11520 2 1 698 41
cam_04 11495 1 1 129 682
cam_04 11484 1 1 374 436
cam_04 11512 2 1 793 -261
cam_04 11521 2 1 709 -48
cam_04 11517 1 2 280 693
cam_04 11512 2 1 933 -376
cam_04 11518 2 1 778 -177
cam_04 11533 2 1 649 39
cam_04 11529 2 1 722 -60
cam_04 11535 2 1 645 -46
cam_04 11535 2 1 782 -81
cam_04 11510 1 1 261 528
cam_04 11536 2 1 672 -116
cam_04 11541 2 1 762 -139
cam_04 11542 2 1 630 -82
cam_04 11553 2 1 664 75
cam_04 11549 2 1 643 141
cam_04 11556 2 1 642 45
cam_04 11559 2 1 614 107
cam_04 11563 2 1 663 -60
cam_04 11554 1 1 254 669
cam_04 11548 1 1 309 686
cam_04 11544 1 1 391 496
cam_04 11576 2 1 648 145
cam_04 11581 2 1 704 41
cam_04 11583 2 1 697 76
cam_04 11565 1 1 297 622
cam_04 11552 1 1 319 566
cam_04 11592 2 2 633 10
cam_04 11598 2 1 683 40
cam_04 11577 1 1 217 668
cam_04 11593 2 1 766 -125
cam_04 11580 1 1 347 612
cam_04 11581 1 1 329 639
cam_04 11603 2 1 648 144
cam_04 11607 2 1 706 77
cam_04 11591 1 1 354 561
cam_04 11610 2 1 640 7
cam_04 11583 1 1 370 435
cam_04 11625 1 2 323 685
cam_04 11601 1 1 379 455
cam_04 11624 2 2 666 177
cam_04 11598 1 1 322 594
cam_04 11636 2 2 686 108
cam_04 11617 1 1 185 652
cam_04 11636 2 1 693 141
cam_04 11619 1 1 266 658
cam_04 11653 1 2 309 671
cam_04 11650 1 1 176 650
cam_04 11609 1 1 327 718
cam_04 11650 2 1 738 -61
cam_04 11651 2 1 679 107
cam_04 11661 2 1 681 -24
cam_04 11654 1 1 209 687
cam_04 11667 2 1 707 -154
cam_04 11671 2 1 746 -150
cam_04 11681 2 1 653 142
cam_04 11677 1 2 299 654
cam_04 11680 2 1 660 5
cam_04 11661 1 1 310 647
cam_04 11666 1 1 386 528
cam_04 11691 2 1 627 -158
cam_04 11689 2 1 724 -126
cam_04 11688 2 1 688 -125
cam_04 11697 2 1 636 6
cam_04 11698 2 1 677 -28
cam_04 11680 1 1 108 746
cam_04 11695 2 1 683 -372
cam_04 11720 2 1 679 139
cam_04 11709 2 1 659 42
cam_04 11724 2 1 674 74
cam_04 11721 2 1 710 -94
cam_04 11722 2 1 632 -107
cam_04 11711 1 1 228 625
cam_04 11733 2 1 634 71
cam_04 11751 2 1 637 105
cam_04 11763 2 1 669 40
cam_04 11732 1 1 378 539
cam_04 11766 2 1 636 39
cam_04 11742 1 1 356 522
cam_04 11748 1 1 329 485
cam_04 11775 2 1 674 44
cam_04 11784 2 1 671 74
cam_04 11802 2 1 685 143
cam_04 11765 1 1 309 621
cam_04 11779 1 1 165 647
cam_04 11813 2 1 640 142
cam_04 11818 2 1 660 -128
cam_04 11792 1 1 310 459
cam_04 11792 1 1 429 410
cam_04 11827 2 1 760 -90
cam_04 11832 2 1 696 37
cam_04 11802 1 1 425 424
cam_04 11834 2 1 687 142
cam_04 11850 2 1 664 108
cam_04 11833 1 2 272 670
cam_04 11840 2 1 632 141
cam_04 11844 2 1 699 11
cam_04 11852 2 1 628 108
cam_04 11851 1 1 149 733
cam_04 11868 2 1 678 41
cam_04 11851 1 1 251 748
cam_04 11837 1 1 210 654
cam_04 11881 2 1 710 -120
cam_04 11885 2 1 636 145
cam_04 11889 2 1 677 36
cam_04 11873 1 1 178 703
cam_04 11895 2 1 711 -89
cam_04 11901 2 1 693 41
cam_04 11905 2 1 711 -61
cam_04 11899 1 1 136 739
cam_04 11905 1 1 159 682
cam_04 11923 2 2 681 -26
cam_04 11919 2 1 642 45
cam_04 11935 2 4 690 77
cam_04 11901 1 1 338 575
cam_04 11940 2 1 779 -131
cam_04 11934 2 1 603 -128
cam_04 11925 1 1 228 658
cam_04 11949 2 1 668 111
cam_04 11947 2 1 678 75
cam_04 11949 2 1 646 80
cam_04 11960 2 1 682 177
cam_04 11954 2 1 633 145
cam_04 11967 2 1 655 75
cam_04 11950 1 1 224 643
cam_04 11976 2 1 643 44
cam_04 11982 2 1 650 7
cam_04 11988 2 1 667 39
cam_04 11974 1 1 327 766
cam_04 12006 2 2 667 109
cam_04 11973 1 1 320 570
cam_04 12015 2 1 681 -24
cam_04 12014 2 1 654 179
cam_04 11990 1 1 198 679
cam_04 12021 2 1 664 40
cam_04 12013 2 1 694 -78
cam_04 11990 1 1 366 448
cam_04 12023 2 1 635 175
cam_04 12027 2 1 687 71
cam_04 11988 1 1 372 380
cam_04 12027 2 1 714 110
cam_04 12033 2 1 673 -160
cam_04 12036 2 1 662 42
cam_04 12034 2 1 703 72
cam_04 12041 2 1 631 108
cam_04 12038 2 1 638 143
cam_04 12048 2 1 691 40
cam_04 12055 2 1 721 5
cam_04 12065 2 1 656 175
cam_04 12068 2 1 688 176
cam_04 12063 2 1 688 43
cam_04 12074 2 1 627 176
cam_04 12071 2 1 627 178
cam_04 12053 1 1 239 672
cam_04 12082 2 1 661 -30
cam_04 12083 2 1 689 139
cam_04 12057 1 1 294 638
cam_04 12110 2 1 682 175
cam_04 12094 2 1 642 -57
cam_04 12093 2 1 715 -59
cam_04 12085 2 1 723 -114
cam_04 12103 2 1 659 -26
cam_04 12104 2 1 653 104
cam_04 12110 2 1 684 175
cam_04 12112 2 1 643 -1
cam_04 12083 1 1 160 668
cam_04 12128 2 1 676 137
cam_04 12098 1 1 222 695
cam_04 12095 1 1 125 717
cam_04 12126 2 1 644 6
cam_04 12132 2 1 637 75
cam_04 12137 2 1 663 141
cam_04 12129 2 1 777 -58
cam_04 12145 2 1 653 10
cam_04 12150 2 1 633 40
cam_04 12168 2 1 683 51
cam_04 12162 2 1 699 5
cam_04 12174 2 1 722 40
cam_04 12156 1 2 236 684
cam_04 12182 2 1 670 177
cam_04 12145 1 1 142 678
cam_04 12161 2 1 689 100
cam_04 12134 1 1 376 382
cam_04 12179 2 1 592 174
cam_04 12165 1 1 278 644
cam_04 12215 2 2 641 149
cam_04 12160 1 1 147 660
cam_04 12177 1 1 85 737
cam_04 12209 2 1 693 143
cam_04 12219 1 3 144 660
cam_04 12227 2 1 679 144
cam_04 12236 2 1 655 144
cam_04 12228 1 1 417 646
cam_04 12227 1 1 301 671
cam_04 12256 2 1 627 -26
cam_04 12289 1 1 192 662
cam_04 12306 2 1 744 38
cam_04 12321 2 1 649 76
cam_04 12324 2 1 677 9
cam_04 12284 1 1 210 702
cam_04 12305 1 1 342 573
cam_04 12309 1 1 197 642
cam_04 12306 1 1 264 557
cam_04 12355 1 2 199 631
cam_04 12359 2 1 678 175
cam_04 12369 2 1 690 50
cam_04 12377 2 1 636 175
cam_04 12367 2 1 687 12
cam_04 12373 2 1 668 18
cam_04 12381 2 1 687 108
cam_04 12387 2 1 661 144
cam_04 12395 2 1 640 143
cam_04 12401 2 1 652 142
cam_04 12431 2 1 676 141
cam_04 12420 1 2 257 684
cam_04 12425 1 1 380 443
cam_04 12450 1 1 351 471
cam_04 12464 1 1 280 530
cam_04 12523 2 3 642 81
cam_04 12485 1 1 346 486
cam_04 12492 1 1 254 548
cam_04 12517 2 1 658 -74
cam_04 12521 2 1 795 -20
cam_04 12504 1 1 366 549
cam_04 12534 2 1 684 77
cam_04 12501 1 1 424 434
cam_04 12531 2 1 688 -115
cam_04 12537 2 1 689 -52
cam_04 12543 2 1 689 -56
cam_04 12512 1 1 384 412
cam_04 12538 2 1 742 -92
cam_04 12542 2 1 683 139
cam_04 12545 2 4 611 105
cam_04 12556 2 1 671 -124
cam_04 12530 1 1 338 525
cam_04 12562 2 1 649 -62
cam_04 12561 2 1 699 41
cam_04 12562 2 1 655 6
cam_04 12537 1 1 377 417
cam_04 12554 1 1 306 594
cam_04 12570 2 1 646 -88
cam_04 12587 2 1 653 106
cam_04 12576 2 1 621 38
cam_04 12552 1 1 342 539
cam_04 12576 2 1 690 -92
cam_04 12594 2 1 716 74
cam_04 12594 2 1 653 110
cam_04 12579 2 1 707 -79
cam_04 12590 2 1 650 177
cam_04 12597 2 1 695 -84
cam_04 12594 2 1 676 -62
cam_04 12604 2 1 676 -87
cam_04 12617 2 1 708 138
cam_04 12630 2 1 650 106
cam_04 12612 2 1 675 -26
cam_04 12584 1 1 349 496
cam_04 12617 2 1 687 142
cam_04 12599 1 1 137 679
cam_04 12631 2 1 643 -13
cam_04 12639 2 1 714 -32
cam_04 12642 2 1 671 -20
cam_04 12641 2 1 621 144
cam_04 12648 2 1 610 -22
cam_04 12659 2 2 626 175
cam_04 12652 2 1 673 -23
cam_04 12643 2 1 819 -83
cam_04 12647 1 1 105 705
cam_04 12650 1 3 285 540
cam_04 12652 2 1 674 -123
cam_04 12665 2 1 651 140
cam_04 12663 2 1 689 44
cam_04 12661 1 1 282 656
cam_04 12656 1 1 167 729
cam_04 12668 1 1 253 745
cam_04 12686 2 1 685 175
cam_04 12693 2 1 740 6
cam_04 12668 1 1 181 721
cam_04 12685 2 1 704 -196
cam_04 12702 2 1 674 16
cam_04 12690 2 1 670 -181
cam_04 12698 2 1 646 143
cam_04 12711 2 1 704 80
cam_04 12679 1 1 153 738
cam_04 12707 2 1 633 143
cam_04 12714 2 1 646 -55
cam_04 12718 2 1 705 -61
cam_04 12703 1 1 194 664
cam_04 12689 1 1 411 440
cam_04 12726 2 1 673 -26
cam_04 12726 2 1 680 -65
cam_04 12723 1 1 244 656
cam_04 12737 2 1 637 107
cam_04 12743 2 1 674 142
cam_04 12759 2 1 676 43
cam_04 12755 1 1 132 718
cam_04 12767 2 1 652 143
cam_04 12774 2 1 653 8
cam_04 12761 1 1 267 582
cam_04 12782 2 1 678 104
cam_04 12786 2 1 706 -25
cam_04 12794 2 1 698 143
cam_04 12802 2 1 696 6
cam_04 12821 2 1 658 177
cam_04 12804 2 1 676 75
cam_04 12793 2 1 677 -63
cam_04 12780 1 1 279 596
cam_04 12822 2 1 683 77
cam_04 12789 1 1 383 487
cam_04 12809 2 1 659 105
cam_04 12792 1 1 320 611
cam_04 12822 2 1 627 77
cam_04 12831 2 1 690 44
cam_04 12829 2 1 688 -26
cam_04 12843 2 1 662 77
cam_04 12835 2 1 736 -78
cam_04 12845 2 1 631 142
cam_04 12844 2 1 675 -59
cam_04 12855 2 1 680 74
cam_04 12821 1 1 296 758
cam_04 12857 2 1 651 141
cam_04 12821 1 1 279 605
cam_04 12854 2 1 751 -92
cam_04 12862 2 1 667 12
cam_04 12836 1 1 112 707
cam_04 12874 2 1 659 74
cam_04 12869 2 1 664 141
cam_04 12844 1 1 145 677
cam_04 12878 2 1 673 176
cam_04 12848 1 1 221 693
cam_04 12865 2 1 518 -185
cam_04 12892 2 1 681 42
cam_04 12855 1 1 87 729
cam_04 12881 2 1 617 141
cam_04 12888 1 3 126 716
cam_04 12892 2 1 697 -39
cam_04 12902 2 2 645 176
cam_04 12900 2 1 684 3
cam_04 12906 2 1 590 74
cam_04 12907 2 1 704 -120
cam_04 12914 2 1 643 99
cam_04 12926 2 1 685 140
cam_04 12923 2 1 669 143
cam_04 12908 1 1 119 663
cam_04 12930 2 2 681 74
cam_04 12927 2 1 696 -108
cam_04 12933 2 1 659 40
cam_04 12927 2 1 700 -128
cam_04 12931 2 1 731 -131
cam_04 12942 2 1 641 41
cam_04 12911 1 1 299 560
cam_04 12940 2 1 678 74
cam_04 12944 2 1 647 141
cam_04 12948 2 1 648 76
cam_04 12960 2 1 650 8
cam_04 12949 2 1 743 -178
cam_04 12956 2 1 645 146
cam_04 12964 2 1 737 -122
cam_04 12968 2 1 696 142
cam_04 12951 2 1 700 -198
cam_04 12965 2 1 678 142
cam_04 12941 1 1 306 519
cam_04 12961 2 1 717 -94
cam_04 12975 2 1 679 -28
cam_04 12972 2 1 651 36
cam_04 12984 2 1 651 110
cam_04 12980 2 1 626 174
cam_04 12981 2 1 715 -25
cam_04 12989 2 1 635 106
cam_04 13007 2 1 666 175
cam_04 12986 1 1 238 569
cam_04 12983 1 1 349 526
cam_04 13005 2 1 695 42
cam_04 13019 2 1 701 105
cam_04 13015 2 1 680 -26
cam_04 13025 2 1 666 148
cam_04 13033 2 1 698 5
cam_04 13017 1 1 176 644
cam_04 13014 1 1 296 603
cam_04 13032 1 1 213 627
cam_04 13052 1 2 292 676
cam_04 13037 1 1 320 549
cam_04 13067 2 1 678 144
cam_04 13037 1 1 166 640
cam_04 13082 2 1 652 175
cam_04 13086 2 1 679 -53
cam_04 13092 2 2 660 -28
cam_04 13095 2 1 660 41
cam_04 13098 2 1 650 -60
cam_04 13107 2 1 666 40
cam_04 13111 2 1 672 -26
cam_04 13101 1 1 332 510
cam_04 13143 2 1 675 41
cam_04 13134 2 1 707 10
cam_04 13146 2 1 648 -22
cam_04 13128 1 1 253 571
cam_04 13151 2 1 634 109
cam_04 13152 1 1 177 672
cam_04 13178 2 1 673 141
cam_04 13176 2 1 669 -48
cam_04 13185 2 1 610 45
cam_04 13196 2 1 679 142
cam_04 13184 2 1 636 174
cam_04 13154 1 1 406 502
cam_04 13161 1 1 391 457
cam_04 13193 2 2 657 111
cam_04 13196 2 1 648 144
cam_04 13173 1 1 336 465
cam_04 13208 2 1 652 178
cam_04 13193 1 1 211 613
cam_04 13205 1 1 300 569
cam_04 13249 2 1 646 -27
cam_04 13215 1 1 383 433
cam_04 13249 2 1 696 -61
cam_04 13257 2 1 689 -22
cam_04 13268 2 1 677 146
cam_04 13260 1 1 456 446
cam_04 13273 1 1 159 660
cam_04 13286 2 1 652 110
cam_04 13305 2 1 671 41
cam_04 13263 1 1 446 559
cam_04 13315 1 1 96 726
cam_04 13335 1 2 196 710
cam_04 13322 1 1 268 617
cam_04 13338 1 1 357 486
cam_04 13341 1 1 272 618
cam_04 13353 1 1 275 652
cam_04 13350 1 1 362 517
cam_04 13422 2 2 694 55
cam_04 13389 1 1 157 687
cam_04 13445 2 1 694 140
cam_04 13375 1 1 154 725
cam_04 13431 2 1 691 41
cam_04 13434 2 1 739 -27
cam_04 13431 2 1 716 10
cam_04 13435 2 1 693 -145
cam_04 13436 2 2 641 141
cam_04 13451 2 1 676 106
cam_04 13444 2 1 725 -21
cam_04 13406 1 1 373 413
cam_04 13450 2 1 672 6
cam_04 13450 2 1 809 -94
cam_04 13456 2 1 678 -23
cam_04 13466 2 1 690 178
cam_04 13466 2 1 663 107
cam_04 13465 2 1 670 -93
cam_04 13452 1 1 184 643
cam_04 13478 2 1 657 140
cam_04 13480 2 1 770 3
cam_04 13477 2 1 737 -79
cam_04 13469 2 1 712 -110
cam_04 13491 2 1 889 -261
cam_04 13487 2 1 693 139
cam_04 13497 2 1 641 72
cam_04 13496 1 1 176 677
cam_04 13487 1 1 262 603
