cam_14 45 2 4 627 167
cam_14 16 3 1 842 205
cam_14 63 2 1 726 178
cam_14 122 2 1 736 179
cam_14 156 1 1 70 497
cam_14 177 2 2 589 156
cam_14 182 2 1 719 177
cam_14 219 2 1 718 179
cam_14 242 1 3 161 585
cam_14 219 2 2 651 195
cam_14 210 2 1 721 179
cam_14 283 1 1 16 501
cam_14 281 1 2 299 554
cam_14 276 2 4 602 174
cam_14 247 2 1 749 186
cam_14 278 2 2 649 183
cam_14 302 2 2 642 179
cam_14 314 1 4 110 571
cam_14 365 4 2 529 545
cam_14 342 1 1 58 514
cam_14 335 1 1 56 502
cam_14 422 1 3 87 588
cam_14 399 1 1 90 498
cam_14 431 2 2 643 165
cam_14 446 2 1 727 178
cam_14 432 1 1 163 493
cam_14 438 2 2 591 183
cam_14 461 2 1 715 175
cam_14 474 2 1 720 175
cam_14 513 1 2 201 557
cam_14 477 2 2 604 184
cam_14 529 1 2 263 558
cam_14 537 5 3 1225 265
cam_14 578 1 1 51 499
cam_14 576 1 1 110 495
cam_14 626 2 1 722 178
cam_14 642 2 1 714 180
cam_14 652 1 1 61 512
cam_14 654 2 1 729 179
cam_14 657 3 1 798 206
cam_14 663 2 1 648 182
cam_14 677 2 2 599 187
cam_14 1010 4 3 303 580
cam_14 716 1 1 28 507
cam_14 773 1 2 238 528
cam_14 762 2 2 598 156
cam_14 804 2 1 707 175
cam_14 763 2 1 713 178
cam_14 847 3 2 680 176
cam_14 808 1 3 192 588
cam_14 816 2 1 679 181
cam_14 788 2 1 701 178
cam_14 799 2 4 594 173
cam_14 813 2 2 611 183
cam_14 866 2 1 718 178
cam_14 849 2 1 741 177
cam_14 869 1 1 66 498
cam_14 914 2 1 722 179
cam_14 929 2 2 596 161
cam_14 943 1 1 95 512
cam_14 1047 4 3 451 582
cam_14 1090 1 2 247 552
cam_14 1063 2 1 725 178
cam_14 1090 2 1 749 184
cam_14 1162 6 1 1082 239
cam_14 1088 2 1 716 179
cam_14 1118 2 1 720 177
cam_14 1110 2 4 588 170
cam_14 1113 2 1 711 181
cam_14 1132 2 1 718 178
cam_14 1122 1 1 68 503
cam_14 1151 2 1 720 177
cam_14 1155 1 1 72 504
cam_14 1159 4 1 430 498
cam_14 1270 4 1 481 500
cam_14 1202 2 1 720 180
cam_14 1265 4 2 609 583
cam_14 1212 2 2 596 169
cam_14 1237 1 1 30 511
cam_14 1245 2 2 607 187
cam_14 1334 2 1 724 176
cam_14 1309 3 1 762 193
cam_14 1421 4 2 522 542
cam_14 1395 2 1 742 180
cam_14 1359 2 1 717 180
cam_14 1342 1 1 10 493
cam_14 1351 2 4 594 172
cam_14 1377 2 2 603 172
cam_14 1412 2 1 731 178
cam_14 1397 2 2 597 175
cam_14 1383 1 1 64 506
cam_14 1452 3 3 619 169
cam_14 1480 2 1 718 178
cam_14 1483 1 2 96 585
cam_14 1455 1 1 58 508
cam_14 1470 1 2 277 523
cam_14 1519 1 1 80 508
cam_14 1479 1 2 351 524
cam_14 1543 1 2 198 527
cam_14 1523 3 1 731 176
cam_14 1514 1 1 154 505
cam_14 1565 2 1 713 178
cam_14 1571 2 2 628 183
cam_14 1599 2 2 645 181
cam_14 1622 2 1 720 181
cam_14 1637 2 1 710 178
cam_14 1640 2 1 727 177
cam_14 1776 4 3 201 583
cam_14 1784 2 1 729 179
cam_14 1707 1 4 62 584
cam_14 1732 1 4 53 587
cam_14 1700 1 2 325 506
cam_14 1848 2 2 599 181
cam_14 1771 2 1 714 178
cam_14 1799 1 2 292 533
cam_14 1766 1 2 38 586
cam_14 1745 5 4 1207 225
cam_14 1829 1 1 338 502
cam_14 1797 2 1 749 185
cam_14 1787 1 3 71 589
cam_14 1921 1 4 166 584
cam_14 1812 1 4 59 585
cam_14 1823 2 1 717 178
cam_14 1845 2 1 718 179
cam_14 1818 2 1 779 207
cam_14 1826 1 2 111 534
cam_14 1857 2 1 738 176
cam_14 1851 2 4 646 175
cam_14 1877 1 4 83 587
cam_14 1886 2 1 728 177
cam_14 1887 2 1 745 188
cam_14 1913 2 1 728 178
cam_14 1903 2 1 714 176
cam_14 1951 1 4 219 583
cam_14 2007 1 4 56 584
cam_14 1945 1 4 69 589
cam_14 1991 2 1 728 178
cam_14 2052 2 2 601 183
cam_14 2073 2 1 717 181
cam_14 2090 2 1 713 179
cam_14 2085 1 1 76 506
cam_14 2094 1 1 135 493
cam_14 2138 4 1 561 490
cam_14 2154 6 1 1135 275
cam_14 2124 3 1 733 180
cam_14 2127 2 4 593 175
cam_14 2211 1 1 174 507
cam_14 2188 2 1 738 191
cam_14 2160 1 1 99 454
cam_14 2193 2 1 743 186
cam_14 2200 2 1 703 172
cam_14 2240 2 1 718 179
cam_14 2246 2 4 597 173
cam_14 2265 2 1 730 179
cam_14 2273 2 2 643 173
cam_14 2288 2 1 725 178
cam_14 2542 4 3 105 591
cam_14 2334 1 2 293 529
cam_14 2309 1 1 22 493
cam_14 2306 1 1 82 513
cam_14 2322 2 2 597 169
cam_14 2321 1 1 66 500
cam_14 2324 2 4 652 175
cam_14 2504 4 3 413 584
cam_14 2337 1 1 61 507
cam_14 2384 1 4 158 588
cam_14 2349 2 2 637 182
cam_14 2388 2 1 734 178
cam_14 2385 2 1 710 180
cam_14 2373 1 1 86 500
cam_14 2376 2 2 594 183
cam_14 2390 1 1 59 498
cam_14 2398 1 1 122 512
cam_14 2414 2 1 714 180
cam_14 2420 1 4 245 514
cam_14 2391 1 1 140 491
cam_14 2416 2 2 596 182
cam_14 2408 1 1 130 500
cam_14 2469 1 4 73 597
cam_14 2517 2 1 734 177
cam_14 2661 1 4 179 578
cam_14 2606 4 4 139 581
cam_14 2637 2 2 601 207
cam_14 2667 2 2 649 174
cam_14 2644 3 1 778 188
cam_14 2581 1 1 7 513
cam_14 2671 2 2 586 182
cam_14 2662 3 1 787 194
cam_14 2638 1 1 79 507
cam_14 2709 2 2 596 185
cam_14 2629 3 1 743 186
cam_14 2982 4 1 288 488
cam_14 2728 2 1 730 178
cam_14 2745 2 4 595 172
cam_14 2751 3 1 744 181
cam_14 2768 2 1 717 174
cam_14 2766 2 2 589 184
cam_14 2786 1 3 311 523
cam_14 2824 1 3 114 590
cam_14 2785 3 1 722 177
cam_14 2801 2 1 728 178
cam_14 2785 2 1 659 181
cam_14 2809 2 1 749 199
cam_14 2823 2 1 716 180
cam_14 2846 2 1 721 178
cam_14 3135 6 1 1179 304
cam_14 2861 2 1 721 178
cam_14 2932 1 4 93 584
cam_14 2898 2 4 602 161
cam_14 3105 4 2 435 523
cam_14 2915 2 2 640 183
cam_14 2909 1 1 47 504
cam_14 2936 1 2 328 513
cam_14 3022 2 2 655 186
cam_14 3018 2 1 766 186
cam_14 3014 1 2 327 517
cam_14 3029 1 4 68 591
cam_14 2985 3 1 770 190
cam_14 3068 1 4 72 584
cam_14 3022 3 1 794 198
cam_14 3047 2 2 599 172
cam_14 3054 1 4 207 580
cam_14 3053 2 2 658 170
cam_14 3072 2 2 628 170
cam_14 3068 1 4 269 576
cam_14 3090 2 2 601 183
cam_14 3090 2 1 724 178
cam_14 3132 2 2 636 174
cam_14 3162 2 1 744 177
cam_14 3130 1 1 103 502
cam_14 3158 1 1 106 510
cam_14 3261 2 2 589 159
cam_14 3245 1 1 81 504
cam_14 3270 2 2 645 164
cam_14 3330 2 4 644 157
cam_14 3369 1 2 292 500
cam_14 3335 2 2 587 173
cam_14 3328 1 1 59 515
cam_14 3348 2 1 715 181
cam_14 3359 2 1 709 179
cam_14 3365 2 2 591 185
cam_14 3374 1 1 26 517
cam_14 3374 1 1 109 497
cam_14 3419 1 2 187 523
cam_14 3386 2 2 600 184
cam_14 3396 1 1 91 506
cam_14 3450 6 1 1116 266
cam_14 3406 2 1 713 179
cam_14 3400 1 1 33 507
cam_14 3422 2 2 641 180
cam_14 3444 2 1 747 177
cam_14 3400 1 1 188 506
cam_14 3607 3 3 655 163
cam_14 3500 1 4 254 581
cam_14 3513 1 4 150 585
cam_14 3525 2 2 593 187
cam_14 3634 2 1 736 179
cam_14 3561 2 2 591 185
cam_14 3598 2 1 741 206
cam_14 3580 2 1 773 197
cam_14 3589 2 1 739 197
cam_14 3576 2 2 597 185
cam_14 3614 2 1 705 178
cam_14 3618 1 3 119 588
cam_14 3638 2 1 708 176
cam_14 3656 2 1 717 178
cam_14 3665 1 2 233 547
cam_14 3663 2 1 733 178
cam_14 3666 5 1 1247 334
cam_14 3641 2 4 586 175
cam_14 3630 1 2 181 539
cam_14 3662 1 1 80 506
cam_14 3636 1 1 106 505
cam_14 3716 1 1 346 496
cam_14 3684 1 1 107 507
cam_14 3798 1 4 169 572
cam_14 3835 4 2 333 583
cam_14 3761 2 1 710 181
cam_14 3771 2 1 717 178
cam_14 3818 2 1 720 178
cam_14 3774 1 2 144 516
cam_14 3873 4 2 497 541
cam_14 3861 1 2 242 547
cam_14 3835 1 4 70 583
cam_14 3809 1 4 92 582
cam_14 3872 1 2 121 533
cam_14 3913 1 4 81 587
cam_14 4090 4 3 157 591
cam_14 3844 1 1 149 533
cam_14 3860 1 1 80 503
cam_14 3852 1 1 104 504
cam_14 3914 2 2 627 159
cam_14 3939 1 2 298 529
cam_14 3935 2 2 641 184
cam_14 3967 2 4 589 170
cam_14 3978 2 4 642 171
cam_14 4110 1 1 229 555
cam_14 4094 2 1 716 181
cam_14 4244 4 3 204 585
cam_14 4103 2 1 719 181
cam_14 4097 1 1 14 505
cam_14 4106 1 1 72 512
cam_14 4123 1 1 115 512
cam_14 4134 1 1 110 502
cam_14 4138 1 1 23 511
cam_14 4333 2 1 794 209
cam_14 4307 4 3 175 585
cam_14 4425 2 2 596 183
cam_14 4319 4 3 364 585
cam_14 4321 3 1 769 195
cam_14 4349 2 1 713 175
cam_14 4334 4 2 445 521
cam_14 4346 2 1 657 183
cam_14 4306 3 1 744 184
cam_14 4323 3 1 726 177
cam_14 4305 3 1 721 179
cam_14 4397 2 2 651 161
cam_14 4348 2 1 740 192
cam_14 4410 2 1 726 177
cam_14 4451 2 1 740 178
cam_14 4386 3 1 791 210
cam_14 4425 1 1 65 513
cam_14 4429 2 1 702 179
cam_14 4465 2 1 749 183
cam_14 4458 2 4 635 175
cam_14 4550 1 2 124 560
cam_14 4602 4 3 221 589
cam_14 4488 2 1 664 189
cam_14 4574 2 1 747 180
cam_14 4617 1 2 303 524
cam_14 4548 1 1 81 495
cam_14 4656 1 2 103 552
cam_14 4631 1 1 83 503
cam_14 4713 1 4 81 569
cam_14 4630 2 2 643 180
cam_14 4646 2 1 720 179
cam_14 4657 3 1 787 202
cam_14 4677 2 4 641 175
cam_14 4736 1 2 355 539
cam_14 4677 3 1 777 196
cam_14 4685 2 1 706 180
cam_14 4725 1 2 230 517
cam_14 4684 2 1 726 212
cam_14 4704 2 1 724 178
cam_14 4706 2 1 660 181
cam_14 4717 2 4 591 176
cam_14 4769 1 2 258 522
cam_14 4729 2 1 761 211
cam_14 4738 2 1 711 178
cam_14 4752 2 1 714 177
cam_14 4766 2 4 596 172
cam_14 4788 2 1 741 177
cam_14 4754 6 1 1045 218
cam_14 4809 1 2 166 523
cam_14 4778 2 4 634 172
cam_14 4784 2 1 716 180
cam_14 4775 2 1 721 178
cam_14 4818 1 1 89 507
cam_14 4838 1 1 51 505
cam_14 4872 2 2 645 156
cam_14 4890 2 2 591 177
cam_14 4890 1 1 92 501
cam_14 4947 2 1 729 177
cam_14 4955 1 1 57 513
cam_14 4956 1 4 253 577
cam_14 4971 2 2 588 167
cam_14 4959 2 1 728 179
cam_14 4976 1 2 202 548
cam_14 4988 1 1 77 502
cam_14 5005 1 4 112 588
cam_14 5001 1 4 272 581
cam_14 5063 1 2 86 588
cam_14 5061 1 2 327 531
cam_14 5010 2 1 728 180
cam_14 5066 2 1 736 180
cam_14 5049 2 1 726 180
cam_14 5068 2 1 714 179
cam_14 5243 4 3 154 583
cam_14 5178 1 2 129 533
cam_14 5115 2 1 714 181
cam_14 5119 2 1 732 178
cam_14 5142 2 4 593 160
cam_14 5142 2 1 717 179
cam_14 5391 4 3 476 573
cam_14 5247 5 1 1016 225
cam_14 5229 5 1 1042 219
cam_14 5283 2 2 606 185
cam_14 6165 1 4 240 581
cam_14 5292 1 1 98 495
cam_14 5292 1 1 189 502
cam_14 5266 3 1 723 177
cam_14 5327 2 2 596 158
cam_14 5294 3 1 728 178
cam_14 5342 2 2 592 182
cam_14 5354 2 2 602 184
cam_14 5379 2 1 716 178
cam_14 5370 2 1 789 210
cam_14 5392 2 1 713 181
cam_14 5354 3 1 748 178
cam_14 5365 3 1 739 186
cam_14 5397 2 1 741 191
cam_14 5414 1 1 73 501
cam_14 5400 3 1 753 208
cam_14 5466 1 2 182 500
cam_14 5522 2 1 727 178
cam_14 5524 2 1 750 187
cam_14 5498 2 4 590 168
cam_14 5557 1 1 32 507
cam_14 5502 2 2 650 174
cam_14 5487 5 4 1252 322
cam_14 5508 2 1 695 180
cam_14 5546 2 2 601 164
cam_14 5533 2 1 744 194
cam_14 5544 1 1 60 510
cam_14 5579 1 2 333 507
cam_14 5550 2 1 726 178
cam_14 5574 2 1 730 177
cam_14 5553 1 1 119 506
cam_14 5566 2 1 713 178
cam_14 5574 1 1 112 507
cam_14 5600 2 1 724 178
cam_14 5596 1 1 83 515
cam_14 5603 2 4 591 173
cam_14 5666 1 4 133 588
cam_14 5646 2 4 618 220
cam_14 5660 2 1 720 179
cam_14 5700 1 1 5 510
cam_14 5691 2 4 585 159
cam_14 5706 1 2 319 533
cam_14 5690 2 2 645 182
cam_14 5709 1 1 61 505
cam_14 5714 2 1 716 179
cam_14 5714 2 2 597 186
cam_14 5693 2 1 720 178
cam_14 5744 2 1 727 178
cam_14 5723 1 1 112 508
cam_14 5739 2 2 599 185
cam_14 5756 1 4 252 585
cam_14 5787 1 1 61 509
cam_14 5780 2 2 636 180
cam_14 5784 2 1 725 179
cam_14 5851 1 4 173 589
cam_14 5775 1 2 179 524
cam_14 5812 1 4 180 584
cam_14 5805 2 1 724 179
cam_14 6021 4 1 599 500
cam_14 5820 1 1 146 500
cam_14 5858 2 1 719 179
cam_14 5891 1 2 114 592
cam_14 5903 1 2 229 531
cam_14 5883 1 1 62 470
cam_14 5951 2 2 594 175
cam_14 5991 1 2 311 554
cam_14 5998 1 3 76 587
cam_14 5964 2 1 718 180
cam_14 6123 4 3 107 590
cam_14 6036 1 2 167 530
cam_14 6030 1 3 284 570
cam_14 6057 1 2 79 587
cam_14 6066 1 2 156 542
cam_14 6087 1 2 115 530
cam_14 6072 3 1 754 187
cam_14 6099 3 1 733 179
cam_14 6193 1 4 201 562
cam_14 6203 4 3 233 582
cam_14 6159 1 1 43 502
cam_14 6197 2 1 717 179
cam_14 6188 1 1 18 509
cam_14 6199 3 1 741 176
cam_14 6210 2 1 730 178
cam_14 6216 1 1 202 482
cam_14 6234 2 2 639 183
cam_14 6213 1 1 70 502
cam_14 6252 2 1 723 179
cam_14 6297 4 1 381 494
cam_14 6248 2 1 712 180
cam_14 6269 2 1 713 180
cam_14 6312 4 2 565 534
cam_14 6399 1 4 151 563
cam_14 6296 1 1 59 506
cam_14 6302 1 1 97 516
cam_14 6343 4 2 332 585
cam_14 6342 1 1 12 498
cam_14 6314 1 1 63 504
cam_14 6375 2 1 734 180
cam_14 6368 2 1 717 178
cam_14 6357 6 1 1028 206
cam_14 6378 2 1 681 191
cam_14 6400 2 4 632 167
cam_14 6435 2 2 594 184
cam_14 6433 1 1 12 507
cam_14 6455 2 4 647 168
cam_14 6436 1 1 111 503
cam_14 6472 2 1 745 190
cam_14 6484 2 1 789 206
cam_14 6487 2 1 715 177
cam_14 6513 2 1 734 183
cam_14 6529 2 1 761 194
cam_14 6523 1 1 73 512
cam_14 6552 2 1 716 173
cam_14 6535 2 2 600 185
cam_14 6543 2 1 747 185
cam_14 6552 2 2 636 179
cam_14 6652 1 2 127 534
cam_14 6626 4 4 337 584
cam_14 6575 5 2 1253 338
cam_14 6601 2 4 600 174
cam_14 6643 2 1 750 193
cam_14 6671 2 2 613 171
cam_14 6712 3 1 753 182
cam_14 6687 2 1 740 178
cam_14 6638 1 1 309 505
cam_14 6681 2 1 716 180
cam_14 6689 2 2 646 180
cam_14 6700 2 2 608 181
cam_14 6694 1 1 70 512
cam_14 6774 3 2 675 178
cam_14 6787 1 2 268 522
cam_14 6784 2 1 748 180
cam_14 6744 1 1 32 507
cam_14 6779 2 1 724 179
cam_14 6831 1 2 190 580
cam_14 7206 4 2 424 555
cam_14 6795 2 4 594 170
cam_14 6830 2 4 599 163
cam_14 6839 2 1 731 179
cam_14 6849 2 4 608 175
cam_14 6864 1 1 110 492
cam_14 6917 1 2 115 585
cam_14 6884 2 4 647 170
cam_14 6906 2 2 588 167
cam_14 6888 1 1 104 491
cam_14 6961 1 4 221 585
cam_14 6936 2 1 715 178
cam_14 6984 2 2 591 156
cam_14 6983 1 2 236 495
cam_14 7016 1 2 251 524
cam_14 7008 2 1 722 181
cam_14 7020 1 1 59 504
cam_14 7032 1 2 246 549
cam_14 7119 1 4 141 578
cam_14 7053 2 4 591 171
cam_14 7106 2 2 637 182
cam_14 7127 2 1 720 179
cam_14 7178 1 2 320 574
cam_14 7169 1 4 125 591
cam_14 7177 1 1 103 510
cam_14 7140 3 1 796 202
cam_14 7251 1 3 72 591
cam_14 7206 2 1 719 180
cam_14 7208 2 2 607 185
cam_14 7178 1 1 197 488
cam_14 7197 1 1 92 511
cam_14 7292 4 2 318 554
cam_14 7277 1 1 83 502
cam_14 7356 1 4 70 589
cam_14 7428 1 4 186 586
cam_14 7350 2 4 754 192
cam_14 7336 3 1 721 178
cam_14 7360 5 4 1253 311
cam_14 7401 2 2 598 184
cam_14 7492 4 1 479 504
cam_14 7382 1 1 73 503
cam_14 7461 1 2 241 533
cam_14 7397 2 1 709 179
cam_14 7433 2 1 717 178
cam_14 7605 4 3 196 589
cam_14 7515 2 2 604 185
cam_14 7557 2 1 721 179
cam_14 7554 1 1 101 503
cam_14 7531 3 1 772 194
cam_14 7581 3 2 815 202
cam_14 7543 3 1 795 200
cam_14 7603 3 1 816 202
cam_14 7639 2 4 644 160
cam_14 7658 1 1 87 502
cam_14 7698 2 2 640 174
cam_14 7718 2 1 727 178
cam_14 7718 1 1 154 497
cam_14 7793 4 2 267 582
cam_14 7751 1 1 77 512
cam_14 7842 1 2 330 509
cam_14 7819 2 1 752 179
cam_14 7818 2 1 718 179
cam_14 7763 1 1 32 505
cam_14 7833 2 1 730 179
cam_14 7863 1 1 69 506
cam_14 7802 1 1 271 509
cam_14 7845 2 1 731 179
cam_14 7887 2 4 587 157
cam_14 7877 1 2 198 546
cam_14 7896 1 1 46 512
cam_14 7889 1 2 294 534
cam_14 7905 2 1 730 178
cam_14 7944 2 1 734 177
cam_14 7949 1 1 124 494
cam_14 7971 2 1 743 192
cam_14 7983 2 1 716 177
cam_14 8010 1 1 65 511
cam_14 8206 6 4 1225 247
cam_14 8002 2 1 770 211
cam_14 8058 1 4 92 560
cam_14 8024 2 1 725 181
cam_14 8135 4 3 241 586
cam_14 8057 2 1 711 179
cam_14 8066 2 1 724 178
cam_14 8131 2 1 776 199
cam_14 8124 2 1 746 184
cam_14 8075 1 1 91 495
cam_14 8203 1 4 148 587
cam_14 8107 1 1 136 502
cam_14 8140 1 1 8 500
cam_14 8140 3 1 808 202
cam_14 8158 1 1 19 516
cam_14 8180 1 1 64 507
cam_14 8277 1 4 154 556
cam_14 8267 2 1 736 178
cam_14 8621 4 1 304 502
cam_14 8634 4 1 411 497
cam_14 8286 2 4 595 159
cam_14 8592 4 2 514 525
cam_14 8382 1 4 171 574
cam_14 8313 1 4 60 585
cam_14 8307 2 2 643 182
cam_14 8313 2 1 740 179
cam_14 8330 1 2 177 545
cam_14 8294 1 4 131 586
cam_14 8337 2 1 724 178
cam_14 8370 1 4 216 507
cam_14 8334 2 1 768 206
cam_14 8354 2 1 722 178
cam_14 8385 2 4 629 174
cam_14 8355 3 1 805 200
cam_14 8415 2 1 720 178
cam_14 8392 2 1 712 178
cam_14 8406 1 4 53 566
cam_14 8421 1 4 177 576
cam_14 8440 2 1 733 179
cam_14 8427 2 4 595 181
cam_14 8454 1 4 184 569
cam_14 8464 2 2 589 159
cam_14 8499 2 4 595 165
cam_14 8514 1 2 192 556
cam_14 8623 4 3 554 580
cam_14 8556 1 2 156 554
cam_14 8514 2 4 642 166
cam_14 8509 3 1 721 178
cam_14 8576 1 4 230 581
cam_14 8630 4 1 314 503
cam_14 8662 2 2 655 182
cam_14 8614 3 1 739 178
cam_14 8637 3 1 744 179
cam_14 8676 2 1 728 178
cam_14 8681 2 1 734 179
cam_14 8707 3 1 717 178
cam_14 8672 1 1 18 517
cam_14 8684 5 1 1264 349
cam_14 8759 2 1 733 179
cam_14 8873 4 2 427 583
cam_14 8798 2 1 724 178
cam_14 8826 2 2 597 172
cam_14 8841 1 1 33 512
cam_14 8876 4 1 527 479
cam_14 8847 1 1 129 499
cam_14 8873 1 2 187 526
cam_14 8877 5 2 1241 331
cam_14 8883 1 1 120 498
cam_14 8882 1 1 20 511
cam_14 8919 2 2 649 183
cam_14 8919 2 1 728 179
cam_14 8948 2 2 595 186
cam_14 8960 4 3 491 555
cam_14 8944 1 1 46 511
cam_14 8937 5 1 1238 282
cam_14 8963 1 2 92 586
cam_14 8934 1 1 106 510
cam_14 8987 1 2 285 527
cam_14 9031 1 4 49 565
cam_14 8985 2 1 725 178
cam_14 9032 1 2 298 541
cam_14 9029 2 1 740 177
cam_14 9007 2 2 632 182
cam_14 9079 1 4 49 574
cam_14 9029 2 2 637 181
cam_14 9045 2 1 719 179
cam_14 9045 2 1 759 204
cam_14 9086 1 2 316 498
cam_14 9075 2 4 620 166
cam_14 9091 2 1 726 178
cam_14 9078 2 1 716 175
cam_14 9135 2 1 742 178
cam_14 9134 2 1 716 178
cam_14 9183 1 1 29 509
cam_14 9147 1 1 71 502
cam_14 9176 2 2 587 158
cam_14 9164 1 1 77 496
cam_14 9185 1 1 103 512
cam_14 9179 2 2 648 182
cam_14 9206 1 4 200 577
cam_14 9189 2 1 722 178
cam_14 9200 2 2 645 182
cam_14 9215 2 4 588 175
cam_14 9226 2 1 753 191
cam_14 9224 2 2 649 183
cam_14 9242 2 1 729 178
cam_14 9234 2 2 596 186
cam_14 9264 2 2 599 184
cam_14 9261 2 3 652 175
cam_14 9310 1 2 307 523
cam_14 9346 1 4 185 587
cam_14 9303 1 1 92 510
cam_14 9306 2 1 718 177
cam_14 9289 1 1 114 500
cam_14 9324 1 4 88 586
cam_14 9317 2 1 721 180
cam_14 9308 1 1 36 504
cam_14 9362 2 4 601 171
cam_14 9364 2 2 660 180
cam_14 9363 1 2 154 550
cam_14 9387 1 1 76 508
cam_14 9390 2 2 631 183
cam_14 9443 2 4 638 162
cam_14 9462 2 2 631 182
cam_14 9488 1 1 72 506
cam_14 9507 2 4 643 167
cam_14 9558 1 2 260 548
cam_14 9512 2 1 717 181
cam_14 9561 2 1 717 180
cam_14 9806 4 1 515 501
cam_14 9584 1 1 85 503
cam_14 9614 2 4 592 173
cam_14 9643 2 3 604 164
cam_14 9629 1 1 101 505
cam_14 9689 1 1 510 494
cam_14 9657 2 1 718 178
cam_14 9646 1 1 117 492
cam_14 9669 2 2 607 182
cam_14 9692 1 1 90 499
cam_14 9694 2 2 634 182
cam_14 9702 1 1 134 491
cam_14 9713 2 1 670 180
cam_14 9717 1 1 95 499
cam_14 9726 2 1 722 179
cam_14 9797 2 4 590 160
cam_14 9729 2 1 675 180
cam_14 9846 1 1 200 508
cam_14 9738 2 4 672 181
cam_14 9853 3 3 659 166
cam_14 9846 6 1 1094 242
cam_14 9807 2 2 644 184
cam_14 9812 2 1 699 180
cam_14 9828 1 1 58 509
cam_14 9863 4 4 477 574
cam_14 9898 1 2 139 547
cam_14 9844 1 1 68 511
cam_14 9917 1 1 67 507
cam_14 9924 2 2 651 177
cam_14 9927 1 1 58 501
cam_14 9918 2 1 725 179
cam_14 9962 2 4 586 171
cam_14 9970 2 4 664 170
cam_14 9945 1 1 199 482
cam_14 10020 2 4 589 157
cam_14 9990 1 1 94 499
cam_14 10008 2 1 723 179
cam_14 9988 1 1 179 501
cam_14 10040 1 2 172 553
cam_14 10027 1 1 46 509
cam_14 10071 2 1 750 203
cam_14 10082 1 3 309 579
cam_14 10148 1 2 282 487
cam_14 10160 1 2 303 544
cam_14 10256 4 3 260 590
cam_14 10199 1 2 212 532
cam_14 10385 1 4 167 577
cam_14 10239 1 4 103 517
cam_14 10288 4 4 504 581
cam_14 10228 2 1 666 179
cam_14 10234 3 1 722 179
cam_14 10329 3 3 666 163
cam_14 10305 1 2 90 556
cam_14 10311 3 1 794 209
cam_14 10381 2 1 746 177
cam_14 10285 3 1 784 198
cam_14 10351 3 1 745 177
cam_14 10476 4 2 574 523
cam_14 10343 1 1 46 505
cam_14 10635 4 1 533 498
cam_14 10445 1 4 150 585
cam_14 10347 2 1 725 177
cam_14 10393 1 2 128 525
cam_14 10359 3 1 748 188
cam_14 10381 2 1 722 178
cam_14 10358 2 2 598 182
cam_14 10370 2 1 715 177
cam_14 10611 1 4 226 510
cam_14 10442 2 1 733 179
cam_14 10452 2 1 739 196
cam_14 10467 2 1 717 178
cam_14 10476 2 1 741 178
cam_14 10557 1 4 109 588
cam_14 10477 2 1 785 210
cam_14 10493 2 2 597 182
cam_14 10541 1 1 84 511
cam_14 10526 2 4 594 156
cam_14 10527 2 2 663 179
cam_14 10538 2 1 731 178
cam_14 10580 1 4 92 590
cam_14 10657 1 2 161 529
cam_14 10719 1 4 100 586
cam_14 10629 2 4 601 170
cam_14 10675 1 4 246 584
cam_14 10632 5 1 1219 334
cam_14 10682 1 4 153 590
cam_14 10657 3 1 748 188
cam_14 10626 2 1 718 178
cam_14 10799 1 4 169 582
cam_14 10653 3 1 759 195
cam_14 10684 2 1 719 179
cam_14 10695 2 2 608 183
cam_14 10755 1 2 322 537
cam_14 10724 1 2 338 524
cam_14 10709 2 1 725 180
cam_14 10734 2 2 593 170
cam_14 10728 2 1 724 180
cam_14 10749 1 4 88 588
cam_14 10758 2 1 751 191
cam_14 10754 2 1 723 179
cam_14 10791 1 4 61 485
cam_14 10766 2 1 714 181
cam_14 10791 2 1 718 176
cam_14 10785 2 4 593 171
cam_14 10868 1 2 193 543
cam_14 10783 2 1 753 209
cam_14 10803 2 2 593 185
cam_14 10836 1 2 224 528
cam_14 10901 4 1 317 490
cam_14 10812 2 1 732 179
cam_14 10870 1 1 3 510
cam_14 10932 1 1 36 500
cam_14 10895 1 1 493 502
cam_14 10962 2 1 745 179
cam_14 11016 4 3 154 586
cam_14 11012 1 1 20 504
cam_14 11088 2 4 594 158
cam_14 11087 2 1 733 178
cam_14 11077 1 1 58 512
cam_14 11121 3 2 678 177
cam_14 11133 1 4 169 585
cam_14 11139 2 4 600 176
cam_14 11169 2 1 720 180
cam_14 11171 2 2 597 184
cam_14 11202 2 4 601 175
cam_14 11214 2 1 751 196
cam_14 11233 2 1 714 177
cam_14 11239 2 1 752 198
cam_14 11257 2 1 698 178
cam_14 11258 2 1 724 177
cam_14 11281 1 1 134 512
cam_14 11277 1 1 50 506
cam_14 11354 1 4 319 535
cam_14 11294 2 1 721 178
cam_14 11348 1 2 130 557
cam_14 11338 2 2 595 183
cam_14 11443 4 1 588 498
cam_14 11433 2 1 739 184
cam_14 11427 2 1 724 180
cam_14 11390 1 1 78 502
cam_14 11400 1 2 359 506
cam_14 11417 2 1 718 179
cam_14 11432 1 1 64 511
cam_14 11465 1 2 283 550
cam_14 11452 1 2 181 545
cam_14 11464 2 1 723 178
cam_14 11508 1 1 29 510
cam_14 11512 1 1 173 560
cam_14 11483 2 2 612 188
cam_14 11500 2 2 649 181
cam_14 11501 1 1 82 505
cam_14 11501 2 2 586 173
cam_14 11808 4 1 583 496
cam_14 11607 1 3 96 574
cam_14 11577 2 1 717 177
cam_14 11577 1 1 35 507
cam_14 11586 1 1 51 515
cam_14 11600 2 2 605 187
cam_14 11609 2 2 610 185
cam_14 11621 2 1 671 178
cam_14 11642 2 2 625 183
cam_14 11661 2 2 605 186
cam_14 11673 2 1 714 179
cam_14 11697 2 4 599 176
cam_14 11738 2 4 644 161
cam_14 11761 2 1 750 191
cam_14 11758 2 2 658 200
cam_14 11778 1 1 86 498
cam_14 11800 2 4 597 157
cam_14 11889 1 4 109 540
cam_14 11916 1 4 167 573
cam_14 11840 1 1 37 514
cam_14 11870 2 1 721 178
cam_14 11964 2 4 587 171
cam_14 11988 1 1 56 513
cam_14 11985 2 2 639 182
cam_14 12059 4 2 410 585
cam_14 12014 2 4 597 161
cam_14 12067 1 2 90 552
cam_14 12025 1 1 22 500
cam_14 12069 1 1 12 504
cam_14 12174 6 1 1117 258
cam_14 12175 5 2 1250 285
cam_14 12142 1 1 25 508
cam_14 12194 1 2 178 533
cam_14 12225 2 1 754 211
cam_14 12201 1 1 27 511
cam_14 12231 1 2 106 588
cam_14 12229 2 1 753 182
cam_14 12264 2 1 743 177
cam_14 12189 5 1 1110 255
cam_14 12251 2 1 713 179
cam_14 12289 5 2 1231 281
cam_14 12311 2 4 593 166
cam_14 12332 2 1 723 178
cam_14 12339 2 1 736 179
cam_14 12365 2 4 638 167
cam_14 12329 5 2 1233 315
cam_14 12342 1 1 127 497
cam_14 12392 2 1 724 180
cam_14 12390 2 4 626 172
cam_14 12387 1 1 100 506
cam_14 12424 3 1 733 177
cam_14 12440 2 2 602 184
cam_14 12488 1 4 128 582
cam_14 12567 1 4 162 582
cam_14 12471 2 1 725 178
cam_14 12479 1 1 43 501
cam_14 12462 2 3 591 176
cam_14 12486 2 2 637 183
cam_14 12519 2 2 599 188
cam_14 12556 2 4 771 205
cam_14 12603 1 2 135 552
cam_14 12591 2 1 725 178
cam_14 12609 6 1 1183 321
cam_14 12604 2 1 734 178
cam_14 12628 1 1 62 487
cam_14 12621 2 1 723 179
cam_14 12660 1 2 301 531
cam_14 12728 1 4 198 590
cam_14 12701 2 4 596 168
cam_14 12727 1 1 6 507
cam_14 12753 2 1 740 177
cam_14 12746 1 2 237 530
cam_14 12767 1 1 69 509
cam_14 12776 2 1 717 178
cam_14 12779 1 1 76 499
cam_14 12797 2 4 597 174
cam_14 12846 1 1 130 578
cam_14 12822 2 1 728 179
cam_14 12840 1 1 50 513
cam_14 12864 1 2 187 530
cam_14 12896 2 1 723 178
cam_14 12967 4 1 591 501
cam_14 13005 1 1 34 513
cam_14 13008 4 1 591 488
cam_14 13024 4 1 462 502
cam_14 13117 4 3 241 484
cam_14 13128 4 3 252 574
cam_14 13170 3 3 632 167
cam_14 13154 4 2 491 515
cam_14 13206 1 1 23 508
cam_14 13223 1 1 80 502
cam_14 13287 1 1 167 447
cam_14 13353 3 4 698 184
cam_14 13386 1 1 12 511
cam_14 13400 2 1 717 179
cam_14 13415 5 1 1239 344
cam_14 13426 1 1 72 510
