cam_18 43 1 1 263 377
cam_18 16 1 1 183 462
cam_18 39 1 1 113 571
cam_18 25 1 1 147 339
cam_18 32 2 1 846 192
cam_18 39 2 1 826 188
cam_18 64 2 1 858 197
cam_18 78 1 1 203 356
cam_18 93 1 1 203 358
cam_18 75 2 1 852 196
cam_18 119 1 1 196 359
cam_18 130 1 1 14 439
cam_18 139 1 1 154 342
cam_18 139 1 1 14 495
cam_18 144 1 1 265 361
cam_18 199 1 1 166 359
cam_18 161 2 1 867 202
cam_18 159 2 1 831 191
cam_18 165 2 1 818 188
cam_18 176 2 1 858 204
cam_18 162 1 1 226 372
cam_18 187 1 1 236 353
cam_18 197 1 1 359 331
cam_18 216 1 1 183 353
cam_18 205 1 1 68 483
cam_18 225 1 1 277 307
cam_18 197 2 1 834 190
cam_18 206 2 1 836 193
cam_18 224 1 1 278 334
cam_18 215 1 1 351 346
cam_18 211 2 1 862 197
cam_18 234 1 1 275 322
cam_18 221 2 1 854 198
cam_18 214 2 1 820 185
cam_18 255 1 1 185 379
cam_18 232 1 1 355 316
cam_18 233 1 1 243 310
cam_18 230 2 1 823 187
cam_18 246 1 1 205 368
cam_18 231 2 1 790 176
cam_18 281 1 1 18 430
cam_18 239 2 1 838 194
cam_18 240 1 1 255 369
cam_18 256 2 1 809 187
cam_18 261 2 1 843 196
cam_18 267 2 1 820 186
cam_18 303 1 1 205 329
cam_18 317 1 1 428 334
cam_18 326 2 1 840 193
cam_18 338 1 1 58 523
cam_18 364 1 1 215 488
cam_18 394 1 2 21 569
cam_18 344 1 1 18 490
cam_18 340 2 1 841 191
cam_18 351 1 1 193 363
cam_18 373 1 1 63 387
cam_18 348 2 1 837 192
cam_18 362 1 1 198 306
cam_18 360 1 1 220 387
cam_18 378 1 1 225 390
cam_18 384 1 1 195 366
cam_18 397 1 1 238 568
cam_18 374 2 1 853 196
cam_18 393 1 1 221 300
cam_18 405 1 1 127 443
cam_18 395 2 1 863 200
cam_18 385 2 1 834 187
cam_18 403 2 1 845 191
cam_18 420 2 1 828 189
cam_18 428 2 1 826 192
cam_18 441 2 1 855 196
cam_18 458 2 1 845 192
cam_18 456 2 1 805 184
cam_18 462 2 1 806 185
cam_18 506 2 4 849 183
cam_18 476 2 1 810 187
cam_18 492 2 1 803 188
cam_18 498 2 1 794 180
cam_18 523 1 1 216 480
cam_18 504 2 1 789 177
cam_18 533 1 1 121 509
cam_18 524 2 1 817 186
cam_18 514 2 1 787 176
cam_18 540 1 1 227 311
cam_18 530 2 1 853 194
cam_18 540 1 1 281 409
cam_18 540 2 1 814 186
cam_18 564 1 1 187 379
cam_18 545 2 1 850 200
cam_18 548 1 1 92 475
cam_18 551 2 1 815 184
cam_18 564 2 1 836 193
cam_18 597 2 1 858 196
cam_18 606 1 1 244 406
cam_18 595 2 1 826 186
cam_18 599 2 1 790 179
cam_18 617 2 1 814 185
cam_18 638 2 1 842 195
cam_18 653 2 1 814 187
cam_18 651 2 1 845 195
cam_18 657 2 1 865 203
cam_18 707 1 1 198 346
cam_18 739 1 1 32 422
cam_18 695 2 1 838 191
cam_18 708 2 1 841 193
cam_18 713 2 1 819 186
cam_18 760 1 1 304 331
cam_18 775 1 1 53 439
cam_18 767 2 1 864 195
cam_18 762 2 1 849 194
cam_18 793 1 1 46 412
cam_18 819 1 1 253 357
cam_18 774 2 1 818 190
cam_18 820 1 1 225 440
cam_18 774 2 1 780 183
cam_18 782 2 1 839 193
cam_18 791 2 1 827 191
cam_18 847 1 1 31 453
cam_18 813 2 1 829 197
cam_18 834 2 1 844 198
cam_18 866 2 1 848 195
cam_18 895 2 1 847 192
cam_18 904 2 1 828 188
cam_18 915 2 1 811 181
cam_18 932 2 1 855 198
cam_18 927 2 1 833 188
cam_18 933 2 1 811 183
cam_18 941 2 1 818 188
cam_18 976 1 1 244 328
cam_18 957 2 1 833 190
cam_18 1023 1 1 -2 442
cam_18 1005 2 1 845 193
cam_18 1025 2 1 841 192
cam_18 1053 2 1 830 188
cam_18 1066 2 1 849 191
cam_18 1108 1 1 63 431
cam_18 1068 2 1 806 183
cam_18 1086 2 1 838 197
cam_18 1107 2 1 858 198
cam_18 1105 1 1 211 325
cam_18 1122 2 1 847 196
cam_18 1120 1 1 283 304
cam_18 1103 2 1 822 191
cam_18 1136 1 1 359 356
cam_18 1112 2 1 824 187
cam_18 1144 1 1 358 393
cam_18 1133 2 1 833 191
cam_18 1125 2 1 807 186
cam_18 1152 1 1 296 338
cam_18 1167 1 1 359 454
cam_18 1146 2 1 841 191
cam_18 1149 2 1 814 187
cam_18 1166 1 1 386 365
cam_18 1160 1 1 271 323
cam_18 1158 2 1 835 195
cam_18 1186 1 1 116 369
cam_18 1186 1 1 157 451
cam_18 1214 1 2 -82 610
cam_18 1187 2 1 852 198
cam_18 1180 1 1 144 402
cam_18 1201 2 1 860 198
cam_18 1182 2 1 820 188
cam_18 1208 2 1 841 196
cam_18 1190 2 1 809 183
cam_18 1203 2 1 820 185
cam_18 1232 1 1 345 326
cam_18 1209 2 1 802 181
cam_18 1272 1 2 156 546
cam_18 1218 2 1 829 189
cam_18 1230 2 1 818 185
cam_18 1230 2 1 857 199
cam_18 1248 1 1 203 362
cam_18 1225 1 1 264 420
cam_18 1234 1 1 125 363
cam_18 1237 1 1 127 433
cam_18 1245 2 1 851 200
cam_18 1261 1 1 109 376
cam_18 1256 2 1 856 198
cam_18 1270 1 1 55 396
cam_18 1288 1 1 95 402
cam_18 1311 1 1 217 364
cam_18 1313 1 1 306 400
cam_18 1319 2 1 860 201
cam_18 1343 1 1 251 380
cam_18 1408 1 1 78 393
cam_18 1340 2 1 818 185
cam_18 1393 1 1 68 465
cam_18 1362 2 1 855 196
cam_18 1389 1 1 84 422
cam_18 1372 2 1 837 187
cam_18 1394 2 1 856 199
cam_18 1423 1 1 43 482
cam_18 1426 1 1 354 383
cam_18 1403 2 1 844 195
cam_18 1415 2 1 854 195
cam_18 1406 1 1 290 306
cam_18 1448 1 1 242 388
cam_18 1447 1 1 69 348
cam_18 1496 1 1 20 419
cam_18 1475 2 1 854 198
cam_18 1478 2 1 811 182
cam_18 1506 2 1 855 195
cam_18 1508 1 1 224 355
cam_18 1516 1 1 285 351
cam_18 1485 2 1 814 190
cam_18 1528 1 1 288 306
cam_18 1532 1 1 289 380
cam_18 1519 2 1 856 197
cam_18 1534 2 1 857 197
cam_18 1518 2 1 804 182
cam_18 1548 1 1 204 322
cam_18 1527 2 1 820 191
cam_18 1555 1 1 118 395
cam_18 1533 2 1 798 181
cam_18 1540 2 1 824 188
cam_18 1572 2 1 861 197
cam_18 1574 2 1 833 195
cam_18 1568 2 1 795 177
cam_18 1574 2 1 795 182
cam_18 1585 2 1 856 197
cam_18 1584 2 1 803 181
cam_18 1595 2 1 839 191
cam_18 1593 2 1 800 181
cam_18 1608 2 1 852 199
cam_18 1645 1 1 215 341
cam_18 1617 2 1 826 186
cam_18 1631 2 1 853 200
cam_18 1635 2 1 811 182
cam_18 1639 2 1 845 191
cam_18 1643 2 1 810 182
cam_18 1689 1 1 197 345
cam_18 1693 1 1 157 387
cam_18 1676 2 1 822 184
cam_18 1699 1 1 120 470
cam_18 1688 2 1 831 189
cam_18 1695 2 1 846 195
cam_18 1704 2 1 819 189
cam_18 1716 2 1 817 190
cam_18 1737 2 1 826 191
cam_18 1770 1 1 240 377
cam_18 1759 2 1 840 191
cam_18 1769 2 1 847 198
cam_18 1779 2 1 843 197
cam_18 1788 2 1 842 218
cam_18 1800 2 1 852 199
cam_18 1816 1 1 323 306
cam_18 1810 2 1 852 194
cam_18 1867 2 1 864 196
cam_18 1838 1 1 342 335
cam_18 1840 1 1 64 472
cam_18 1829 2 1 829 191
cam_18 1859 2 1 825 188
cam_18 1863 2 1 809 186
cam_18 1882 1 1 124 413
cam_18 1875 2 1 812 185
cam_18 1894 2 1 852 204
cam_18 1893 1 1 231 242
cam_18 1892 1 1 242 292
cam_18 1908 2 1 857 196
cam_18 1900 1 1 291 382
cam_18 1907 1 1 -11 446
cam_18 1895 1 1 274 414
cam_18 1916 1 1 223 360
cam_18 1929 1 1 203 351
cam_18 1929 1 1 325 366
cam_18 1907 2 1 804 184
cam_18 1932 2 1 856 197
cam_18 1928 1 1 322 367
cam_18 1949 1 1 231 318
cam_18 1948 1 1 301 391
cam_18 1958 1 1 175 349
cam_18 1932 2 1 801 188
cam_18 1940 2 1 819 184
cam_18 1959 2 1 850 196
cam_18 1983 1 1 200 355
cam_18 1987 1 1 132 479
cam_18 1965 2 1 829 190
cam_18 1994 1 1 262 399
cam_18 2008 1 1 141 368
cam_18 1991 2 1 846 192
cam_18 2023 2 1 853 193
cam_18 2058 2 1 837 192
cam_18 2104 1 1 255 321
cam_18 2105 2 1 838 192
cam_18 2094 2 1 798 190
cam_18 2109 2 1 825 200
cam_18 2107 2 1 787 176
cam_18 2130 2 1 821 187
cam_18 2142 2 1 849 196
cam_18 2168 1 1 4 423
cam_18 2156 2 1 850 198
cam_18 2169 2 1 808 184
cam_18 2202 2 1 847 196
cam_18 2229 1 1 215 362
cam_18 2198 2 1 782 178
cam_18 2217 2 1 853 199
cam_18 2205 2 1 806 188
cam_18 2215 2 1 799 178
cam_18 2230 2 1 848 194
cam_18 2232 2 1 806 181
cam_18 2249 2 1 835 193
cam_18 2256 2 1 835 189
cam_18 2268 2 1 837 192
cam_18 2277 2 1 845 194
cam_18 2316 1 1 21 432
cam_18 2327 1 1 185 369
cam_18 2289 2 1 824 189
cam_18 2314 2 1 861 198
cam_18 2319 2 1 810 185
cam_18 2314 2 1 803 227
cam_18 2328 2 1 851 197
cam_18 2322 2 1 781 175
cam_18 2345 1 1 253 372
cam_18 2342 1 1 204 391
cam_18 2342 2 1 834 188
cam_18 2377 1 1 63 402
cam_18 2353 1 1 133 407
cam_18 2365 1 1 274 363
cam_18 2366 2 1 823 186
cam_18 2372 2 1 803 178
cam_18 2381 2 1 821 189
cam_18 2419 1 1 289 332
cam_18 2402 2 1 823 187
cam_18 2422 2 1 824 185
cam_18 2439 2 1 840 189
cam_18 2477 1 1 246 356
cam_18 2459 2 1 831 192
cam_18 2483 1 1 240 360
cam_18 2466 1 1 183 366
cam_18 2486 2 1 842 194
cam_18 2500 2 1 832 189
cam_18 2528 1 1 208 366
cam_18 2512 2 1 839 190
cam_18 2513 2 1 795 180
cam_18 2525 2 1 844 193
cam_18 2602 1 1 158 344
cam_18 2570 1 1 94 372
cam_18 2548 2 1 816 182
cam_18 2653 2 1 829 185
cam_18 2688 2 1 852 194
cam_18 2706 2 1 852 198
cam_18 2697 2 1 813 188
cam_18 2717 2 1 826 189
cam_18 2716 1 1 236 360
cam_18 2725 1 1 343 327
cam_18 2728 1 1 218 290
cam_18 2744 1 1 31 416
cam_18 2739 2 1 850 196
cam_18 2743 1 1 374 370
cam_18 2751 2 1 821 188
cam_18 2750 1 1 268 402
cam_18 2785 1 1 104 357
cam_18 2783 1 1 292 289
cam_18 2800 1 1 83 432
cam_18 2768 1 1 234 405
cam_18 2808 1 1 400 420
cam_18 2793 2 1 840 192
cam_18 2807 1 1 372 357
cam_18 2800 2 1 801 181
cam_18 2826 1 1 202 360
cam_18 2833 1 1 384 347
cam_18 2832 1 1 66 430
cam_18 2844 1 1 177 329
cam_18 2862 1 1 221 325
cam_18 2845 1 1 86 407
cam_18 2865 1 1 274 400
cam_18 2874 1 1 237 423
cam_18 2881 1 1 294 356
cam_18 2855 1 1 411 336
cam_18 2854 1 1 115 397
cam_18 2875 2 1 865 200
cam_18 2879 1 1 308 400
cam_18 2886 2 1 844 196
cam_18 2892 1 1 214 378
cam_18 2938 1 1 151 345
cam_18 2892 2 1 815 183
cam_18 2898 2 1 810 183
cam_18 2916 2 1 845 194
cam_18 2913 2 1 794 182
cam_18 2928 2 1 843 192
cam_18 2923 2 1 795 177
cam_18 2944 2 1 828 185
cam_18 2965 1 1 309 326
cam_18 2975 2 1 850 193
cam_18 2962 2 1 813 188
cam_18 2987 2 1 838 192
cam_18 3012 2 1 851 197
cam_18 3018 2 1 813 188
cam_18 3027 2 1 844 193
cam_18 3033 2 1 823 187
cam_18 3042 2 1 830 185
cam_18 3101 1 1 155 361
cam_18 3082 2 1 855 195
cam_18 3084 2 1 810 184
cam_18 3138 1 1 231 370
cam_18 3146 2 1 858 198
cam_18 3188 1 2 -92 627
cam_18 3189 2 1 841 193
cam_18 3203 1 1 319 343
cam_18 3218 1 1 238 369
cam_18 3210 2 1 850 196
cam_18 3212 1 1 237 360
cam_18 3242 1 1 284 334
cam_18 3243 1 1 285 338
cam_18 3320 1 1 207 332
cam_18 3256 1 1 366 320
cam_18 3248 1 1 372 393
cam_18 3274 1 1 77 403
cam_18 3258 2 1 859 198
cam_18 3258 2 1 803 183
cam_18 3267 2 1 839 189
cam_18 3302 1 1 335 354
cam_18 3309 1 1 217 363
cam_18 3282 2 1 838 196
cam_18 3327 1 1 257 377
cam_18 3306 2 1 831 195
cam_18 3319 2 1 857 198
cam_18 3349 1 1 79 454
cam_18 3353 1 1 295 403
cam_18 3336 2 1 854 197
cam_18 3338 2 1 814 180
cam_18 3360 1 1 46 485
cam_18 3408 1 1 211 375
cam_18 3420 1 1 218 383
cam_18 3367 2 1 827 185
cam_18 3391 2 1 844 192
cam_18 3416 2 1 863 199
cam_18 3422 1 1 284 405
cam_18 3410 2 1 821 188
cam_18 3441 2 1 864 198
cam_18 3446 1 1 221 362
cam_18 3441 1 1 0 491
cam_18 3451 1 1 275 341
cam_18 3455 1 1 276 335
cam_18 3455 2 1 824 186
cam_18 3461 1 1 295 332
cam_18 3467 1 1 274 328
cam_18 3488 1 1 229 395
cam_18 3465 2 1 826 187
cam_18 3482 2 1 865 199
cam_18 3480 1 1 217 352
cam_18 3498 1 1 232 377
cam_18 3474 1 1 176 374
cam_18 3490 2 1 820 185
cam_18 3476 1 1 237 410
cam_18 3501 2 1 824 191
cam_18 3504 2 1 857 197
cam_18 3508 1 1 61 416
cam_18 3510 2 1 832 191
cam_18 3519 1 1 253 370
cam_18 3516 2 1 826 189
cam_18 3543 1 1 170 367
cam_18 3529 1 1 136 395
cam_18 3538 1 1 109 447
cam_18 3562 1 1 62 423
cam_18 3544 1 1 53 515
cam_18 3577 1 1 122 406
cam_18 3561 2 1 848 193
cam_18 3616 1 1 145 348
cam_18 3548 1 1 203 392
cam_18 3570 2 1 811 185
cam_18 3567 2 1 838 193
cam_18 3581 2 1 837 190
cam_18 3611 1 1 23 438
cam_18 3582 2 1 798 185
cam_18 3575 2 1 785 180
cam_18 3592 2 1 827 189
cam_18 3596 2 1 850 192
cam_18 3637 1 1 105 388
cam_18 3592 2 1 779 173
cam_18 3628 1 1 134 427
cam_18 3608 2 1 827 187
cam_18 3618 2 1 829 189
cam_18 3633 1 1 201 385
cam_18 3655 1 1 124 356
cam_18 3672 1 1 219 337
cam_18 3654 2 1 847 194
cam_18 3658 1 1 326 326
cam_18 3657 2 1 823 189
cam_18 3641 2 1 822 184
cam_18 3653 2 1 766 175
cam_18 3663 2 1 833 197
cam_18 3674 1 1 116 461
cam_18 3702 1 1 200 344
cam_18 3684 2 1 829 193
cam_18 3738 2 1 847 185
cam_18 3700 2 1 823 186
cam_18 3711 2 1 789 179
cam_18 3724 1 1 37 441
cam_18 3720 2 1 778 177
cam_18 3731 2 1 794 178
cam_18 3760 1 1 206 353
cam_18 3766 1 1 48 466
cam_18 3750 2 1 813 188
cam_18 3772 1 1 293 377
cam_18 3797 2 1 831 187
cam_18 3819 2 1 832 190
cam_18 3877 1 1 63 390
cam_18 3879 2 1 860 196
cam_18 3923 1 1 343 297
cam_18 3911 1 1 222 389
cam_18 3916 1 1 251 408
cam_18 3909 2 1 866 199
cam_18 3915 1 1 218 330
cam_18 3906 2 1 835 186
cam_18 3887 1 1 152 402
cam_18 3913 2 1 817 184
cam_18 3926 1 1 79 412
cam_18 3946 1 1 89 446
cam_18 3934 2 1 838 188
cam_18 3960 1 1 223 357
cam_18 3938 2 1 811 187
cam_18 3933 2 1 776 177
cam_18 3952 1 1 287 384
cam_18 3976 1 1 112 370
cam_18 3970 1 1 96 423
cam_18 3956 2 1 808 182
cam_18 3993 1 1 -94 231
cam_18 3987 1 1 243 227
cam_18 3986 1 1 237 294
cam_18 3969 2 1 808 181
cam_18 3986 2 1 838 194
cam_18 3999 2 1 872 204
cam_18 3997 2 1 841 189
cam_18 3985 2 1 798 178
cam_18 3992 1 1 255 316
cam_18 3992 2 1 774 175
cam_18 4012 1 1 355 322
cam_18 4004 2 1 796 177
cam_18 4008 2 1 830 187
cam_18 4026 2 1 837 192
cam_18 4039 1 1 296 326
cam_18 4060 1 1 195 339
cam_18 4035 2 1 830 190
cam_18 4045 2 1 839 190
cam_18 4070 1 1 251 321
cam_18 4050 2 1 803 180
cam_18 4081 1 1 334 307
cam_18 4070 2 1 841 194
cam_18 4067 2 1 811 183
cam_18 4074 2 1 809 184
cam_18 4107 1 1 19 439
cam_18 4080 2 1 809 193
cam_18 4089 2 1 853 197
cam_18 4134 1 1 185 340
cam_18 4106 2 1 851 193
cam_18 4115 2 1 831 189
cam_18 4135 1 1 318 351
cam_18 4123 2 1 851 194
cam_18 4155 2 1 856 194
cam_18 4137 2 1 808 197
cam_18 4186 1 1 148 373
cam_18 4175 1 1 221 359
cam_18 4164 2 1 818 183
cam_18 4181 2 1 827 186
cam_18 4197 2 1 845 198
cam_18 4192 2 1 803 180
cam_18 4217 1 1 221 372
cam_18 4195 2 1 785 178
cam_18 4208 2 1 830 187
cam_18 4223 1 1 221 389
cam_18 4214 2 1 826 194
cam_18 4242 1 1 216 363
cam_18 4223 2 1 854 202
cam_18 4220 2 1 800 179
cam_18 4229 2 1 808 184
cam_18 4273 1 1 106 351
cam_18 4242 2 1 833 187
cam_18 4280 1 1 108 392
cam_18 4282 1 1 292 385
cam_18 4258 2 1 844 193
cam_18 4268 2 1 800 182
cam_18 4302 1 1 332 265
cam_18 4274 2 1 852 200
cam_18 4294 1 1 127 356
cam_18 4288 2 1 798 177
cam_18 4292 1 1 379 338
cam_18 4298 2 1 866 199
cam_18 4301 1 1 275 339
cam_18 4303 2 1 824 187
cam_18 4295 2 1 809 185
cam_18 4286 1 1 379 348
cam_18 4306 1 1 123 382
cam_18 4307 2 1 794 186
cam_18 4321 2 1 832 190
cam_18 4334 1 1 263 365
cam_18 4345 1 1 130 453
cam_18 4341 2 1 840 195
cam_18 4357 1 1 104 409
cam_18 4351 2 1 828 185
cam_18 4352 2 1 872 196
cam_18 4341 1 1 204 364
cam_18 4351 1 1 14 425
cam_18 4382 2 1 862 198
cam_18 4373 1 1 111 491
cam_18 4378 1 1 74 444
cam_18 4393 1 1 175 377
cam_18 4377 1 1 210 320
cam_18 4397 1 1 235 406
cam_18 4385 2 1 807 187
cam_18 4376 1 1 337 328
cam_18 4399 2 1 852 197
cam_18 4403 2 1 830 192
cam_18 4413 2 1 837 194
cam_18 4424 1 1 252 386
cam_18 4405 2 1 794 213
cam_18 4424 2 1 849 197
cam_18 4429 1 1 52 449
cam_18 4420 1 1 64 442
cam_18 4433 2 1 854 198
cam_18 4413 1 1 125 463
cam_18 4443 1 1 152 366
cam_18 4455 1 1 181 383
cam_18 4458 2 1 848 198
cam_18 4444 1 1 344 328
cam_18 4467 2 1 829 191
cam_18 4473 1 1 238 366
cam_18 4480 1 1 61 450
cam_18 4476 1 1 201 324
cam_18 4507 1 2 31 509
cam_18 4467 2 1 864 201
cam_18 4495 1 1 170 424
cam_18 4481 2 1 843 193
cam_18 4486 1 1 135 397
cam_18 4491 2 1 843 191
cam_18 4491 2 1 798 182
cam_18 4541 1 1 280 387
cam_18 4574 1 1 252 374
cam_18 4523 2 1 794 186
cam_18 4532 2 1 827 186
cam_18 4538 2 1 811 184
cam_18 4553 2 1 823 187
cam_18 4579 1 1 320 315
cam_18 4578 1 1 338 385
cam_18 4578 2 1 845 189
cam_18 4587 1 1 207 349
cam_18 4601 1 1 45 497
cam_18 4582 2 1 814 181
cam_18 4587 1 1 246 387
cam_18 4614 1 1 174 371
cam_18 4640 1 1 245 300
cam_18 4639 1 1 278 384
cam_18 4632 1 1 181 393
cam_18 4623 2 1 837 193
cam_18 4623 2 1 803 179
cam_18 4649 1 1 16 444
cam_18 4653 2 1 847 193
cam_18 4642 1 1 365 358
cam_18 4674 1 1 240 338
cam_18 4668 2 1 833 188
cam_18 4710 1 1 170 344
cam_18 4706 2 1 868 200
cam_18 4700 2 1 808 184
cam_18 4715 2 1 829 187
cam_18 4744 1 1 362 323
cam_18 4724 2 1 829 188
cam_18 4763 1 1 400 333
cam_18 4742 2 1 833 187
cam_18 4785 2 1 829 187
cam_18 4811 1 1 5 422
cam_18 4814 2 1 845 192
cam_18 4831 2 1 848 195
cam_18 4817 2 1 803 182
cam_18 4830 2 1 796 180
cam_18 4851 1 1 -49 467
cam_18 4823 1 1 326 301
cam_18 4842 2 1 845 194
cam_18 4853 2 1 843 194
cam_18 4879 1 1 322 335
cam_18 4862 2 1 854 199
cam_18 4871 2 1 840 191
cam_18 4863 2 1 800 181
cam_18 4881 2 1 854 195
cam_18 4881 2 1 810 186
cam_18 4889 1 1 167 366
cam_18 4894 2 1 821 186
cam_18 4915 1 1 338 353
cam_18 4906 2 1 841 189
cam_18 4917 2 1 825 186
cam_18 4934 1 1 323 300
cam_18 4928 2 1 841 191
cam_18 4929 2 1 799 179
cam_18 4964 2 1 849 196
cam_18 4987 1 1 25 386
cam_18 5013 1 1 134 427
cam_18 5001 1 1 249 394
cam_18 5007 2 1 814 187
cam_18 5031 1 1 255 391
cam_18 5036 2 1 852 197
cam_18 5038 1 1 392 345
cam_18 5034 2 1 816 185
cam_18 5048 2 1 828 188
cam_18 5085 2 1 845 196
cam_18 5098 1 1 333 342
cam_18 5073 2 1 830 194
cam_18 5084 2 1 803 185
cam_18 5090 2 1 805 183
cam_18 5094 1 1 230 380
cam_18 5103 2 1 830 189
cam_18 5124 1 1 70 431
cam_18 5138 1 1 349 311
cam_18 5124 2 1 851 196
cam_18 5185 1 1 169 401
cam_18 5242 1 1 101 418
cam_18 5182 1 1 329 357
cam_18 5194 1 1 343 353
cam_18 5204 1 1 284 359
cam_18 5180 2 1 842 194
cam_18 5235 1 1 201 370
cam_18 5254 1 1 54 425
cam_18 5284 1 1 92 414
cam_18 5312 1 1 143 335
cam_18 5262 2 1 838 191
cam_18 5308 1 1 134 420
cam_18 5306 2 1 852 194
cam_18 5335 1 1 59 505
cam_18 5340 1 1 209 365
cam_18 5388 1 1 219 357
cam_18 5348 2 1 828 185
cam_18 5382 1 1 3 461
cam_18 5386 1 1 252 378
cam_18 5391 2 1 826 186
cam_18 5397 2 1 816 188
cam_18 5397 2 1 795 179
cam_18 5416 1 1 283 350
cam_18 5428 1 1 124 380
cam_18 5406 2 1 848 193
cam_18 5407 2 1 791 178
cam_18 5426 2 1 831 191
cam_18 5467 1 1 114 393
cam_18 5481 1 1 180 345
cam_18 5432 2 1 788 177
cam_18 5431 2 1 825 187
cam_18 5434 2 1 818 188
cam_18 5442 2 1 835 193
cam_18 5447 2 1 815 186
cam_18 5475 1 1 156 432
cam_18 5472 2 1 846 194
cam_18 5459 2 1 801 187
cam_18 5533 1 1 154 386
cam_18 5471 2 1 801 178
cam_18 5486 2 1 845 194
cam_18 5486 2 1 805 182
cam_18 5515 2 1 790 176
cam_18 5526 2 1 832 190
cam_18 5537 2 1 819 187
cam_18 5551 2 1 827 188
cam_18 5562 2 4 795 228
cam_18 5583 2 1 799 178
cam_18 5621 2 1 794 179
cam_18 5633 2 3 840 178
cam_18 5633 2 1 769 172
cam_18 5716 1 1 253 352
cam_18 5755 1 1 152 442
cam_18 5751 1 1 185 357
cam_18 5757 1 1 386 465
cam_18 5730 2 1 843 194
cam_18 5758 1 1 158 502
cam_18 5763 2 1 863 200
cam_18 5769 1 1 313 429
cam_18 5776 1 1 353 328
cam_18 5796 2 1 838 193
cam_18 5805 2 1 803 185
cam_18 5838 2 1 858 198
cam_18 5836 2 1 820 186
cam_18 5839 2 1 800 180
cam_18 5847 2 1 821 194
cam_18 5916 1 1 226 322
cam_18 5911 1 1 289 341
cam_18 5873 2 1 832 188
cam_18 5918 1 1 73 436
cam_18 5902 1 1 126 390
cam_18 5888 2 1 844 191
cam_18 5935 1 1 395 358
cam_18 5918 2 1 845 191
cam_18 5957 1 1 216 343
cam_18 5942 1 1 53 418
cam_18 5942 1 1 285 375
cam_18 5962 1 1 371 349
cam_18 5945 1 1 378 341
cam_18 5963 1 1 194 638
cam_18 5977 1 1 103 427
cam_18 5953 2 1 845 192
cam_18 5970 1 1 364 399
cam_18 5961 2 1 851 199
cam_18 5969 1 1 342 342
cam_18 5972 2 1 855 197
cam_18 5976 2 1 832 190
cam_18 6034 1 2 19 557
cam_18 6057 1 1 216 361
cam_18 6069 1 1 252 376
cam_18 6084 1 1 214 383
cam_18 6067 2 4 824 197
cam_18 6120 1 1 164 354
cam_18 6087 2 1 859 198
cam_18 6075 2 1 851 210
cam_18 6082 2 1 829 189
cam_18 6150 1 2 138 465
cam_18 6089 2 1 814 187
cam_18 6099 2 1 851 199
cam_18 6097 2 1 809 184
cam_18 6168 1 1 239 313
cam_18 6123 2 1 854 196
cam_18 6107 2 1 810 194
cam_18 6111 2 1 826 209
cam_18 6126 2 1 836 193
cam_18 6132 2 1 827 187
cam_18 6134 2 1 809 188
cam_18 6135 2 1 853 199
cam_18 6143 2 1 828 189
cam_18 6146 2 1 862 198
cam_18 6170 1 1 213 379
cam_18 6155 2 1 860 201
cam_18 6165 2 1 859 198
cam_18 6184 1 1 157 378
cam_18 6174 2 1 851 199
cam_18 6169 2 1 826 189
cam_18 6171 2 1 799 184
cam_18 6180 2 1 812 187
cam_18 6194 2 1 841 189
cam_18 6201 2 1 826 192
cam_18 6193 1 1 102 406
cam_18 6213 1 1 234 385
cam_18 6207 2 1 832 193
cam_18 6224 1 1 46 372
cam_18 6224 2 1 867 200
cam_18 6209 2 1 808 189
cam_18 6218 1 1 81 356
cam_18 6216 2 1 787 180
cam_18 6228 2 1 820 187
cam_18 6233 2 1 800 180
cam_18 6241 1 1 267 406
cam_18 6248 1 1 217 378
cam_18 6240 1 1 163 373
cam_18 6242 2 1 852 196
cam_18 6257 1 1 321 442
cam_18 6252 1 1 263 400
cam_18 6258 2 1 858 202
cam_18 6271 1 1 244 417
cam_18 6270 1 1 241 351
cam_18 6264 2 1 827 187
cam_18 6256 1 1 89 425
cam_18 6290 1 1 55 407
cam_18 6283 1 1 100 410
cam_18 6296 2 1 850 195
cam_18 6304 1 1 110 390
cam_18 6306 1 1 258 413
cam_18 6295 2 1 815 183
cam_18 6321 1 1 216 412
cam_18 6332 1 1 207 382
cam_18 6306 2 1 805 186
cam_18 6339 1 1 185 346
cam_18 6346 2 1 930 233
cam_18 6325 2 1 830 186
cam_18 6348 1 1 210 359
cam_18 6338 2 1 830 187
cam_18 6341 2 1 813 185
cam_18 6358 2 1 853 196
cam_18 6376 1 1 247 347
cam_18 6392 1 1 217 387
cam_18 6364 2 1 803 178
cam_18 6421 1 1 112 386
cam_18 6407 2 1 852 197
cam_18 6451 1 1 255 351
cam_18 6472 1 1 257 343
cam_18 6451 2 1 837 190
cam_18 6499 1 1 193 367
cam_18 6456 2 1 798 178
cam_18 6466 2 1 807 182
cam_18 6464 2 1 779 177
cam_18 6477 2 1 788 180
cam_18 6498 2 1 833 192
cam_18 6503 2 1 864 200
cam_18 6504 2 1 791 183
cam_18 6513 2 1 834 188
cam_18 6519 2 1 832 187
cam_18 6528 2 1 828 188
cam_18 6564 1 1 47 429
cam_18 6554 2 1 868 204
cam_18 6552 2 1 832 190
cam_18 6561 2 1 836 193
cam_18 6578 2 1 822 184
cam_18 6614 1 1 30 469
cam_18 6632 1 1 229 348
cam_18 6641 1 1 205 369
cam_18 6627 2 1 859 197
cam_18 6643 2 1 856 195
cam_18 6640 2 1 813 185
cam_18 6645 2 1 808 185
cam_18 6656 2 1 831 188
cam_18 6656 2 1 861 198
cam_18 6657 2 1 792 181
cam_18 6669 2 1 821 190
cam_18 6671 2 1 853 194
cam_18 6680 2 1 844 191
cam_18 6691 2 1 804 182
cam_18 6730 1 1 119 427
cam_18 6716 2 1 849 195
cam_18 6739 1 1 62 535
cam_18 6728 1 1 215 313
cam_18 6726 2 4 826 187
cam_18 6733 2 1 862 199
cam_18 6735 2 1 818 187
cam_18 6745 1 1 339 307
cam_18 6734 2 1 832 197
cam_18 6749 2 1 879 205
cam_18 6750 2 1 842 195
cam_18 6755 2 1 865 201
cam_18 6759 1 1 159 375
cam_18 6756 2 1 837 210
cam_18 6770 2 1 867 203
cam_18 6773 1 1 197 341
cam_18 6764 2 1 780 176
cam_18 6778 1 1 326 347
cam_18 6791 2 1 851 201
cam_18 6791 1 1 371 346
cam_18 6792 1 1 374 412
cam_18 6793 2 1 815 183
cam_18 6782 2 1 791 182
cam_18 6797 2 1 791 176
cam_18 6815 1 1 185 366
cam_18 6807 2 1 848 199
cam_18 6818 1 1 227 401
cam_18 6827 1 1 189 375
cam_18 6809 1 1 321 362
cam_18 6814 2 1 829 191
cam_18 6822 2 1 820 190
cam_18 6843 1 1 187 352
cam_18 6849 1 1 107 434
cam_18 6851 1 1 327 405
cam_18 6830 1 1 262 349
cam_18 6851 2 1 852 193
cam_18 6882 1 1 278 377
cam_18 6853 2 1 859 193
cam_18 6836 2 1 829 194
cam_18 6858 2 1 826 187
cam_18 6900 1 1 234 371
cam_18 6894 1 1 233 302
cam_18 6878 2 1 839 197
cam_18 6887 2 1 856 200
cam_18 6894 2 1 857 199
cam_18 6890 2 1 813 182
cam_18 6891 2 1 780 177
cam_18 6906 2 1 852 198
cam_18 6922 1 1 109 400
cam_18 6915 2 1 847 196
cam_18 6924 2 1 847 193
cam_18 6923 2 1 797 179
cam_18 6934 2 1 822 186
cam_18 6965 2 1 801 178
cam_18 6989 2 1 854 200
cam_18 7008 1 1 -14 418
cam_18 6995 2 1 846 197
cam_18 6999 2 1 809 185
cam_18 7005 2 1 853 198
cam_18 7015 2 1 857 193
cam_18 7040 2 1 837 188
cam_18 7084 1 1 193 505
cam_18 7068 2 1 851 197
cam_18 7091 1 1 21 408
cam_18 7085 2 1 833 187
cam_18 7085 2 1 861 199
cam_18 7089 2 1 816 184
cam_18 7129 1 1 50 401
cam_18 7123 1 1 114 435
cam_18 7112 1 1 161 317
cam_18 7107 2 1 820 184
cam_18 7104 2 1 851 195
cam_18 7129 2 1 845 194
cam_18 7136 2 1 829 185
cam_18 7143 2 1 824 189
cam_18 7148 2 1 783 174
cam_18 7194 1 1 254 374
cam_18 7206 1 1 263 400
cam_18 7179 2 1 828 187
cam_18 7188 2 1 829 191
cam_18 7200 2 1 847 193
cam_18 7202 2 1 809 181
cam_18 7214 2 1 842 196
cam_18 7215 2 1 802 184
cam_18 7224 2 1 856 199
cam_18 7264 1 1 78 395
cam_18 7283 1 1 231 376
cam_18 7276 2 1 851 193
cam_18 7324 1 1 181 369
cam_18 7330 1 1 290 315
cam_18 7311 2 1 850 200
cam_18 7322 2 1 833 188
cam_18 7308 2 1 817 186
cam_18 7313 2 1 808 188
cam_18 7326 2 1 801 186
cam_18 7338 2 1 846 197
cam_18 7335 2 1 800 179
cam_18 7355 2 1 854 199
cam_18 7351 2 1 818 184
cam_18 7364 2 1 829 190
cam_18 7378 2 1 849 193
cam_18 7379 2 1 813 183
cam_18 7410 1 1 268 418
cam_18 7394 2 1 853 198
cam_18 7388 2 1 824 193
cam_18 7399 2 1 836 194
cam_18 7393 2 1 786 179
cam_18 7402 2 1 806 182
cam_18 7406 1 1 180 353
cam_18 7413 2 1 844 193
cam_18 7451 1 1 188 375
cam_18 7453 1 1 322 378
cam_18 7444 2 1 841 188
cam_18 7470 1 1 192 324
cam_18 7454 2 1 830 188
cam_18 7497 2 1 865 199
cam_18 7533 2 1 836 193
cam_18 7585 1 1 64 408
cam_18 7566 2 1 845 196
cam_18 7577 2 1 837 189
cam_18 7593 2 1 829 188
cam_18 7592 2 1 792 179
cam_18 7626 1 1 202 329
cam_18 7637 1 1 229 332
cam_18 7613 1 1 149 351
cam_18 7655 1 1 319 358
cam_18 7666 1 1 133 390
cam_18 7701 1 1 224 402
cam_18 7698 1 1 200 349
cam_18 7708 1 1 398 340
cam_18 7709 1 1 325 564
cam_18 7738 1 1 88 423
cam_18 7712 2 1 844 191
cam_18 7716 2 1 825 188
cam_18 7748 1 1 264 380
cam_18 7728 2 1 848 194
cam_18 7761 1 1 180 376
cam_18 7734 2 1 828 191
cam_18 7792 1 2 -19 585
cam_18 7775 2 1 837 194
cam_18 7802 1 1 227 393
cam_18 7819 1 1 97 431
cam_18 7780 1 1 86 469
cam_18 7813 1 1 55 414
cam_18 7806 2 1 820 189
cam_18 7800 2 1 834 194
cam_18 7839 1 1 193 371
cam_18 7861 1 1 103 396
cam_18 7818 2 1 823 187
cam_18 7879 1 1 48 420
cam_18 7845 2 1 834 191
cam_18 7860 2 1 838 190
cam_18 7862 2 1 806 183
cam_18 7878 2 1 843 193
cam_18 7875 2 1 798 193
cam_18 7884 2 1 824 188
cam_18 7910 2 1 833 189
cam_18 7922 2 1 822 187
cam_18 7946 2 1 805 184
cam_18 7946 2 1 836 193
cam_18 7982 1 1 62 446
cam_18 7957 1 1 87 352
cam_18 7975 1 1 64 414
cam_18 7961 2 1 832 189
cam_18 7953 1 1 53 347
cam_18 7962 2 1 807 184
cam_18 7995 1 1 195 368
cam_18 7979 2 2 841 192
cam_18 7971 2 1 803 180
cam_18 7977 2 1 787 174
cam_18 7991 2 1 842 194
cam_18 7991 2 1 795 180
cam_18 8021 2 1 853 197
cam_18 8017 2 1 803 178
cam_18 8043 2 1 814 202
cam_18 8082 2 1 843 196
cam_18 8072 2 1 814 195
cam_18 8096 2 1 866 200
cam_18 8091 2 1 813 194
cam_18 8102 2 1 836 192
cam_18 8115 1 1 -2 471
cam_18 8111 2 1 834 192
cam_18 8113 2 1 804 182
cam_18 8121 2 1 840 194
cam_18 8157 1 1 280 407
cam_18 8152 1 2 12 536
cam_18 8166 1 1 198 384
cam_18 8205 1 1 217 396
cam_18 8180 2 1 848 193
cam_18 8181 2 1 805 184
cam_18 8191 2 1 827 185
cam_18 8267 1 1 1 415
cam_18 8274 2 1 855 196
cam_18 8297 2 1 836 194
cam_18 8305 2 1 843 191
cam_18 8311 2 1 829 188
cam_18 8346 1 1 209 325
cam_18 8324 2 1 853 200
cam_18 8382 1 1 210 375
cam_18 8331 2 1 844 200
cam_18 8394 1 1 59 431
cam_18 8400 2 1 857 199
cam_18 8379 2 1 834 199
cam_18 8419 1 1 173 421
cam_18 8427 2 1 891 207
cam_18 8395 2 1 816 185
cam_18 8413 1 1 92 483
cam_18 8444 2 1 864 195
cam_18 8445 1 1 210 368
cam_18 8431 1 1 347 307
cam_18 8428 2 1 815 182
cam_18 8451 1 1 238 379
cam_18 8456 1 1 72 467
cam_18 8442 2 1 812 186
cam_18 8463 1 1 265 395
cam_18 8471 1 1 239 414
cam_18 8451 2 1 819 189
cam_18 8465 1 1 172 356
cam_18 8462 2 1 848 196
cam_18 8456 2 1 805 185
cam_18 8493 1 1 215 318
cam_18 8462 2 1 794 183
cam_18 8480 2 1 833 188
cam_18 8514 1 1 206 354
cam_18 8496 2 1 836 191
cam_18 8524 1 1 155 311
cam_18 8483 2 1 793 196
cam_18 8501 2 1 797 181
cam_18 8505 2 1 840 194
cam_18 8533 1 1 342 335
cam_18 8521 2 1 809 182
cam_18 8555 1 1 300 400
cam_18 8564 1 1 40 409
cam_18 8547 2 1 821 184
cam_18 8591 1 1 344 333
cam_18 8568 2 1 850 198
cam_18 8568 2 1 817 187
cam_18 8592 1 1 195 336
cam_18 8600 1 1 222 398
cam_18 8581 2 1 848 196
cam_18 8584 1 1 225 280
cam_18 8587 2 1 817 185
cam_18 8595 2 1 825 190
cam_18 8618 1 1 203 385
cam_18 8601 2 1 823 191
cam_18 8622 1 1 194 343
cam_18 8606 1 1 209 348
cam_18 8615 2 1 792 178
cam_18 8611 2 1 839 194
cam_18 8649 1 1 219 347
cam_18 8618 2 1 828 189
cam_18 8627 2 1 802 181
cam_18 8629 2 1 832 191
cam_18 8634 1 1 192 374
cam_18 8640 2 1 825 186
cam_18 8637 2 1 856 198
cam_18 8643 2 1 795 179
cam_18 8654 2 1 845 194
cam_18 8646 2 1 785 178
cam_18 8657 2 1 815 188
cam_18 8654 2 1 774 174
cam_18 8668 1 1 115 411
cam_18 8664 2 1 815 187
cam_18 8673 1 1 257 377
cam_18 8671 2 1 859 198
cam_18 8678 2 1 841 196
cam_18 8670 2 1 795 178
cam_18 8677 1 1 296 426
cam_18 8688 2 1 848 197
cam_18 8699 2 1 831 188
cam_18 8706 2 1 835 196
cam_18 8726 1 1 215 336
cam_18 8724 2 1 843 202
cam_18 8736 2 1 864 202
cam_18 8740 2 1 827 186
cam_18 8759 1 1 211 358
cam_18 8772 1 1 198 351
cam_18 8765 2 1 847 191
cam_18 8766 2 1 798 177
cam_18 8775 2 1 811 188
cam_18 8783 2 1 819 188
cam_18 8819 1 1 222 322
cam_18 8817 1 1 274 435
cam_18 8820 2 1 855 197
cam_18 8852 1 1 217 383
cam_18 8841 2 1 855 197
cam_18 8902 1 1 90 408
cam_18 8946 1 1 241 310
cam_18 8895 2 1 841 193
cam_18 8913 2 1 806 187
cam_18 8973 1 1 232 376
cam_18 8970 2 1 860 201
cam_18 8985 2 1 813 191
cam_18 9027 2 1 836 188
cam_18 9024 2 1 790 183
cam_18 9031 2 1 803 181
cam_18 9049 2 1 837 189
cam_18 9055 2 1 826 186
cam_18 9082 2 1 858 198
cam_18 9064 2 1 829 190
cam_18 9130 1 1 227 354
cam_18 9099 2 1 823 187
cam_18 9102 2 1 855 200
cam_18 9125 2 1 837 191
cam_18 9140 2 1 852 193
cam_18 9146 2 1 834 184
cam_18 9167 1 1 31 475
cam_18 9176 1 1 238 405
cam_18 9183 1 1 162 378
cam_18 9163 2 1 847 195
cam_18 9191 1 1 223 384
cam_18 9170 2 1 839 192
cam_18 9202 1 1 121 401
cam_18 9198 2 1 851 194
cam_18 9203 2 1 842 198
cam_18 9204 2 1 802 181
cam_18 9230 1 1 247 407
cam_18 9221 1 1 34 405
cam_18 9209 2 1 833 195
cam_18 9221 1 1 405 356
cam_18 9223 1 1 334 412
cam_18 9215 2 1 807 185
cam_18 9222 2 1 848 198
cam_18 9228 1 1 241 365
cam_18 10200 1 1 222 312
cam_18 9246 2 1 845 195
cam_18 10212 1 1 224 323
cam_18 9236 2 1 828 188
cam_18 9250 1 1 385 339
cam_18 9243 1 1 213 363
cam_18 9242 2 1 808 184
cam_18 9255 1 1 208 319
cam_18 9263 1 1 226 391
cam_18 9278 1 1 209 350
cam_18 9290 1 1 252 390
cam_18 9285 2 1 853 199
cam_18 9284 1 1 227 370
cam_18 9285 2 1 819 187
cam_18 9300 1 1 209 400
cam_18 9301 2 1 842 193
cam_18 9269 2 1 783 189
cam_18 9302 2 1 813 185
cam_18 9321 1 1 210 368
cam_18 9313 1 1 345 334
cam_18 9297 2 1 777 181
cam_18 9306 2 1 793 178
cam_18 9333 1 1 269 265
cam_18 9316 2 1 839 195
cam_18 9314 2 1 778 181
cam_18 9334 1 1 159 511
cam_18 9328 2 1 854 197
cam_18 9323 2 1 808 184
cam_18 9339 2 1 827 195
cam_18 9344 1 1 46 481
cam_18 9349 2 1 846 187
cam_18 9351 2 1 795 179
cam_18 9382 1 1 158 431
cam_18 9361 2 1 827 188
cam_18 9387 1 1 297 422
cam_18 9375 2 1 846 196
cam_18 9384 2 1 850 195
cam_18 9396 1 1 235 395
cam_18 9418 1 1 105 488
cam_18 9405 1 1 204 372
cam_18 9408 1 1 254 303
cam_18 9397 2 1 862 195
cam_18 9407 1 1 291 320
cam_18 9398 2 1 818 186
cam_18 9425 1 1 213 402
cam_18 9432 1 1 177 360
cam_18 9430 1 1 385 351
cam_18 9435 2 1 844 191
cam_18 9455 2 1 835 186
cam_18 9479 1 1 304 327
cam_18 9468 2 1 829 187
cam_18 9521 2 1 866 199
cam_18 9474 2 1 799 180
cam_18 9483 2 1 830 189
cam_18 9515 2 1 837 190
cam_18 9501 2 1 818 186
cam_18 9556 1 1 78 408
cam_18 9549 2 1 832 189
cam_18 9597 1 1 385 443
cam_18 9610 1 1 45 424
cam_18 9620 1 1 199 380
cam_18 9649 1 1 37 415
cam_18 9623 2 1 845 193
cam_18 9627 2 1 816 192
cam_18 9636 2 1 844 191
cam_18 9664 1 1 348 321
cam_18 9646 2 1 810 180
cam_18 9676 2 1 848 194
cam_18 9659 2 1 820 190
cam_18 9666 2 1 814 185
cam_18 9704 2 1 859 198
cam_18 9687 2 1 816 186
cam_18 9719 1 1 236 369
cam_18 9702 2 1 829 186
cam_18 9741 1 1 211 366
cam_18 9705 2 1 800 183
cam_18 9734 2 1 839 195
cam_18 9735 2 1 810 187
cam_18 9748 2 1 850 197
cam_18 9756 2 1 838 191
cam_18 9743 2 1 808 189
cam_18 9768 2 1 848 194
cam_18 9775 2 1 847 194
cam_18 9816 1 1 381 357
cam_18 9783 2 1 838 194
cam_18 9830 1 1 368 353
cam_18 9793 2 1 821 187
cam_18 9807 2 1 809 186
cam_18 9827 1 1 327 316
cam_18 9816 2 1 809 190
cam_18 9860 1 1 296 343
cam_18 9870 2 1 851 197
cam_18 9861 2 1 798 180
cam_18 9875 2 1 824 189
cam_18 9881 2 1 853 197
cam_18 9908 1 1 -14 442
cam_18 9885 2 1 814 187
cam_18 9894 2 1 845 188
cam_18 9915 1 1 241 365
cam_18 9912 1 1 212 355
cam_18 9919 1 1 133 448
cam_18 9911 2 1 834 194
cam_18 9943 1 1 95 422
cam_18 9923 2 1 855 199
cam_18 9918 2 1 820 191
cam_18 9927 2 1 827 187
cam_18 9948 1 1 239 392
cam_18 9961 1 1 82 415
cam_18 9973 1 1 406 489
cam_18 9973 1 1 350 377
cam_18 9951 2 1 839 195
cam_18 9975 1 1 197 351
cam_18 9961 2 1 851 195
cam_18 9963 2 1 821 190
cam_18 9966 2 1 799 184
cam_18 9983 1 1 61 447
cam_18 9988 1 1 114 525
cam_18 9978 2 1 831 202
cam_18 9981 2 1 867 202
cam_18 9990 1 1 215 355
cam_18 10002 2 1 855 199
cam_18 10030 1 1 21 442
cam_18 10014 2 1 843 195
cam_18 10008 2 1 811 182
cam_18 10038 1 1 194 359
cam_18 10064 1 1 34 525
cam_18 10046 2 1 856 199
cam_18 10039 1 1 117 518
cam_18 10077 1 1 205 391
cam_18 10069 1 1 59 462
cam_18 10059 1 1 208 349
cam_18 10057 2 1 844 193
cam_18 10064 2 1 817 186
cam_18 10071 2 1 860 201
cam_18 10076 2 1 831 191
cam_18 10082 1 1 40 392
cam_18 10103 1 1 231 366
cam_18 10086 2 1 837 191
cam_18 10099 2 1 858 199
cam_18 10117 1 1 270 314
cam_18 10165 1 1 84 452
cam_18 10130 2 1 854 197
cam_18 10162 1 1 254 333
cam_18 10174 1 1 277 338
cam_18 10186 1 1 240 366
cam_18 10172 2 1 846 195
cam_18 10176 2 1 808 185
cam_18 10176 2 1 772 173
cam_18 10184 2 1 849 195
cam_18 10190 2 1 804 184
cam_18 10200 2 1 834 196
cam_18 10218 2 1 858 201
cam_18 10208 2 1 815 186
cam_18 10243 1 1 131 524
cam_18 10281 2 1 836 192
cam_18 10296 2 1 856 197
cam_18 10297 2 1 820 183
cam_18 10308 2 1 830 191
cam_18 10316 2 1 825 191
cam_18 10323 2 1 840 198
cam_18 10332 2 1 838 196
cam_18 10328 2 1 772 227
cam_18 10347 2 1 837 188
cam_18 10345 2 1 796 178
cam_18 10387 1 1 270 372
cam_18 10376 2 1 798 181
cam_18 10370 2 1 815 188
cam_18 10380 2 1 833 192
cam_18 10399 2 1 847 194
cam_18 10394 2 1 800 180
cam_18 10423 1 1 297 317
cam_18 10406 2 1 816 187
cam_18 10415 2 1 837 193
cam_18 10441 1 1 261 404
cam_18 10410 2 1 803 184
cam_18 10421 2 1 842 196
cam_18 10430 2 1 857 195
cam_18 10426 2 1 803 179
cam_18 10434 2 1 816 188
cam_18 10449 2 1 840 192
cam_18 10486 1 1 122 378
cam_18 10457 2 1 834 188
cam_18 10463 2 1 811 189
cam_18 10470 2 1 833 195
cam_18 10484 2 1 827 190
cam_18 10501 2 1 837 190
cam_18 10517 2 1 857 199
cam_18 10506 2 1 817 184
cam_18 10512 2 1 811 185
cam_18 10521 2 1 802 183
cam_18 10530 2 1 853 199
cam_18 10532 2 1 806 186
cam_18 10573 1 1 196 365
cam_18 10550 2 1 848 194
cam_18 10539 2 1 831 194
cam_18 10570 2 1 854 194
cam_18 10559 2 1 810 183
cam_18 10590 1 1 9 428
cam_18 10576 2 1 818 185
cam_18 10581 2 1 810 187
cam_18 10598 1 1 169 358
cam_18 10593 2 1 843 190
cam_18 10625 1 1 229 384
cam_18 10636 1 1 119 416
cam_18 10622 2 1 850 198
cam_18 10635 2 1 843 192
cam_18 10644 2 1 839 194
cam_18 10683 1 1 211 352
cam_18 10685 1 1 369 328
cam_18 10661 2 1 835 192
cam_18 10676 2 1 820 188
cam_18 10678 2 1 855 196
cam_18 10714 1 1 267 353
cam_18 10760 1 1 12 409
cam_18 10756 2 1 837 192
cam_18 10790 1 1 186 364
cam_18 10765 1 1 85 377
cam_18 10761 2 1 819 189
cam_18 10777 1 1 65 464
cam_18 10768 2 1 828 189
cam_18 10798 1 1 337 337
cam_18 10774 2 1 836 191
cam_18 10796 2 1 859 198
cam_18 10816 1 1 294 396
cam_18 10807 1 1 137 381
cam_18 10811 1 1 221 402
cam_18 10799 2 1 811 187
cam_18 10837 1 1 36 437
cam_18 10873 1 1 156 170
cam_18 10837 1 1 390 361
cam_18 10826 2 1 857 199
cam_18 10823 2 1 813 185
cam_18 10870 1 1 351 394
cam_18 10854 1 1 46 476
cam_18 10843 2 1 857 196
cam_18 10878 1 1 250 372
cam_18 10850 2 1 840 195
cam_18 10857 2 1 837 195
cam_18 10852 2 1 803 181
cam_18 10882 1 1 210 459
cam_18 10863 2 1 838 196
cam_18 10890 1 1 279 420
cam_18 10870 2 1 822 184
cam_18 10909 1 1 26 463
cam_18 10890 2 1 826 188
cam_18 10906 2 1 859 198
cam_18 10904 2 1 818 186
cam_18 10944 1 1 195 377
cam_18 10950 1 1 222 388
cam_18 10986 1 1 199 353
cam_18 10960 1 1 94 436
cam_18 10931 2 1 823 189
cam_18 10954 1 1 77 405
cam_18 10959 2 1 847 196
cam_18 10948 2 1 824 189
cam_18 10999 1 1 100 419
cam_18 10957 2 1 823 184
cam_18 10975 2 1 815 192
cam_18 10970 2 1 812 188
cam_18 10985 2 1 848 195
cam_18 10980 2 1 797 186
cam_18 10989 2 1 815 186
cam_18 11003 2 1 850 199
cam_18 11001 2 1 813 186
cam_18 11013 2 1 817 193
cam_18 11024 2 1 848 196
cam_18 11023 1 1 216 321
cam_18 11061 1 1 199 353
cam_18 11052 1 1 218 329
cam_18 11029 2 1 833 191
cam_18 11065 1 1 178 425
cam_18 11058 1 1 231 391
cam_18 11033 2 1 818 183
cam_18 11035 1 1 61 414
cam_18 11052 2 1 828 187
cam_18 11070 1 1 287 412
cam_18 11060 2 1 830 191
cam_18 11067 2 1 819 188
cam_18 11083 1 1 85 400
cam_18 11109 1 1 189 357
cam_18 11097 2 1 831 194
cam_18 11124 2 1 875 205
cam_18 11103 2 1 803 180
cam_18 11103 2 1 858 196
cam_18 11117 2 1 841 197
cam_18 11123 2 1 829 192
cam_18 11131 1 1 77 392
cam_18 11139 1 1 170 361
cam_18 11158 1 1 90 376
cam_18 11133 2 1 855 199
cam_18 11156 1 1 267 289
cam_18 11132 2 1 818 188
cam_18 11141 2 1 791 183
cam_18 11143 2 1 841 191
cam_18 11163 1 1 283 383
cam_18 11151 1 1 198 369
cam_18 11137 2 1 758 224
cam_18 11154 2 1 836 195
cam_18 11158 2 1 801 183
cam_18 11163 2 1 851 199
cam_18 11158 1 1 277 429
cam_18 11177 2 1 863 200
cam_18 11171 2 1 815 188
cam_18 11181 2 4 837 189
cam_18 11196 1 1 237 364
cam_18 11187 2 1 822 188
cam_18 11179 2 1 791 177
cam_18 11200 1 1 111 387
cam_18 11196 2 1 823 187
cam_18 11211 1 1 -48 443
cam_18 11210 2 1 827 185
cam_18 11221 1 1 131 440
cam_18 11232 1 1 199 380
cam_18 11242 1 1 103 404
cam_18 11226 2 1 807 185
cam_18 11238 2 1 819 185
cam_18 11248 1 1 102 420
cam_18 11265 1 1 177 386
cam_18 11268 1 1 155 431
cam_18 11268 2 1 843 189
cam_18 11275 1 1 215 201
cam_18 11274 2 1 816 184
cam_18 11275 1 1 342 341
cam_18 11305 1 1 144 384
cam_18 11291 2 1 817 183
cam_18 11301 2 1 852 195
cam_18 11292 2 1 787 180
cam_18 11326 1 1 125 400
cam_18 11304 2 1 825 189
cam_18 11319 2 1 853 195
cam_18 11350 1 1 84 434
cam_18 11327 2 1 816 184
cam_18 11359 1 1 88 445
cam_18 11355 2 1 841 192
cam_18 11386 1 1 150 469
cam_18 11369 1 1 29 468
cam_18 11366 2 1 860 199
cam_18 11383 1 1 153 414
cam_18 11405 2 1 858 197
cam_18 11461 1 1 87 333
cam_18 11411 2 1 818 185
cam_18 11466 1 1 181 302
cam_18 11437 2 1 932 231
cam_18 11433 2 1 845 194
cam_18 11495 1 1 239 337
cam_18 11459 2 1 843 195
cam_18 11493 1 1 126 508
cam_18 11526 1 1 194 363
cam_18 11509 1 1 126 425
cam_18 11514 2 1 863 199
cam_18 11519 2 1 834 189
cam_18 11530 1 1 91 392
cam_18 11562 2 1 927 243
cam_18 11531 2 1 804 184
cam_18 11579 1 1 3 428
cam_18 11556 2 1 826 186
cam_18 11565 2 1 825 185
cam_18 11598 2 1 866 202
cam_18 11587 2 1 833 188
cam_18 11608 1 1 285 313
cam_18 11594 2 1 809 182
cam_18 11608 2 1 842 189
cam_18 11600 2 1 809 183
cam_18 11611 2 1 812 183
cam_18 11636 1 1 182 372
cam_18 11601 2 1 778 176
cam_18 11645 1 1 233 307
cam_18 11622 2 1 847 197
cam_18 11619 2 1 806 189
cam_18 11657 1 1 254 384
cam_18 11631 2 1 839 195
cam_18 11646 1 1 215 288
cam_18 11631 2 1 803 181
cam_18 11638 1 1 125 400
cam_18 11648 2 1 840 193
cam_18 11655 2 1 819 187
cam_18 11680 2 1 860 197
cam_18 11691 2 1 839 191
cam_18 11735 2 1 859 197
cam_18 11708 2 1 835 192
cam_18 11729 1 1 376 341
cam_18 11715 2 1 814 186
cam_18 11749 1 1 161 330
cam_18 11702 2 1 809 183
cam_18 11723 2 1 832 187
cam_18 11724 2 1 791 176
cam_18 11735 2 1 817 182
cam_18 11741 1 1 12 435
cam_18 11727 2 1 781 180
cam_18 11742 2 1 815 184
cam_18 11753 2 1 828 192
cam_18 11776 1 1 93 377
cam_18 11766 2 1 841 194
cam_18 11780 2 1 787 177
cam_18 11782 2 1 853 196
cam_18 11785 2 1 822 192
cam_18 11802 2 1 817 190
cam_18 11793 2 1 852 198
cam_18 11809 2 1 837 195
cam_18 11820 2 1 859 200
cam_18 11826 2 1 837 198
cam_18 11837 2 1 861 198
cam_18 11840 2 1 840 193
cam_18 11856 2 1 852 196
cam_18 11847 2 1 812 184
cam_18 11871 2 1 842 194
cam_18 11913 2 1 835 196
cam_18 11953 1 1 353 339
cam_18 11924 2 1 845 192
cam_18 12003 1 1 242 324
cam_18 11985 2 1 859 195
cam_18 12007 1 1 466 491
cam_18 12007 1 1 360 368
cam_18 11964 2 1 819 191
cam_18 11980 2 1 812 181
cam_18 12083 1 1 8 442
cam_18 12034 2 1 821 189
cam_18 12041 2 1 835 194
cam_18 12055 2 1 820 183
cam_18 12066 2 1 817 186
cam_18 12156 2 1 869 198
cam_18 12102 2 1 859 200
cam_18 12087 2 1 815 190
cam_18 12153 1 1 224 365
cam_18 12110 2 1 814 189
cam_18 12119 2 1 842 194
cam_18 12135 2 1 829 188
cam_18 12161 2 1 821 187
cam_18 12194 1 1 337 304
cam_18 12177 2 1 820 188
cam_18 12193 1 1 373 363
cam_18 12193 2 1 818 186
cam_18 12203 2 1 822 186
cam_18 12243 1 1 224 350
cam_18 12234 2 1 819 186
cam_18 12256 2 1 809 182
cam_18 12286 1 1 117 429
cam_18 12263 2 1 790 179
cam_18 12276 2 1 787 179
cam_18 12297 2 1 820 189
cam_18 12339 1 1 226 350
cam_18 12320 1 1 178 365
cam_18 12306 2 1 803 184
cam_18 12318 2 1 826 188
cam_18 12316 2 1 788 176
cam_18 12519 1 1 160 364
cam_18 12347 1 1 314 340
cam_18 12330 2 1 807 186
cam_18 12360 2 1 818 187
cam_18 12378 1 1 224 384
cam_18 12366 2 1 833 195
cam_18 12368 2 1 814 186
cam_18 12380 1 1 324 383
cam_18 12381 2 1 826 195
cam_18 12384 2 1 857 199
cam_18 12384 1 1 248 379
cam_18 12392 1 1 301 391
cam_18 12382 2 1 796 179
cam_18 12403 1 1 239 502
cam_18 12396 1 1 264 373
cam_18 12399 2 1 818 188
cam_18 12400 1 1 200 452
cam_18 12415 1 1 62 494
cam_18 12444 1 2 141 519
cam_18 12421 1 1 225 476
cam_18 12410 2 1 842 191
cam_18 12420 1 1 223 395
cam_18 12419 2 1 817 185
cam_18 12427 2 1 836 194
cam_18 12435 2 1 796 183
cam_18 12443 2 1 847 192
cam_18 12442 2 1 808 183
cam_18 12452 1 1 14 486
cam_18 12457 2 1 851 196
cam_18 12463 1 1 143 394
cam_18 12461 2 1 828 190
cam_18 12496 1 1 47 450
cam_18 12469 2 1 848 198
cam_18 12474 2 1 808 182
cam_18 12480 2 1 861 201
cam_18 12485 2 1 812 186
cam_18 12492 2 1 851 194
cam_18 12525 1 1 205 372
cam_18 12518 2 1 842 190
cam_18 12540 1 1 185 383
cam_18 12545 2 1 846 192
cam_18 12580 1 1 104 358
cam_18 12590 2 1 861 200
cam_18 12615 1 1 -33 437
cam_18 12622 1 1 233 350
cam_18 12622 1 1 414 350
cam_18 12655 1 1 19 433
cam_18 12635 1 1 278 343
cam_18 12665 1 1 472 362
cam_18 12678 1 1 240 422
cam_18 12680 1 1 218 330
cam_18 12698 1 1 296 425
cam_18 12666 2 1 854 197
cam_18 12692 1 1 17 430
cam_18 12670 1 1 18 517
cam_18 12719 1 1 140 458
cam_18 12709 1 1 272 387
cam_18 12730 1 1 133 394
cam_18 12733 1 1 257 409
cam_18 12713 1 1 222 344
cam_18 12728 1 1 326 296
cam_18 12754 1 1 83 438
cam_18 12747 1 1 196 371
cam_18 12733 2 1 838 190
cam_18 12790 1 1 145 370
cam_18 12748 2 1 823 187
cam_18 12765 2 1 843 195
cam_18 12805 1 1 117 384
cam_18 12812 1 1 46 435
cam_18 12798 2 1 830 192
cam_18 12816 2 1 826 185
cam_18 12831 1 1 224 357
cam_18 12836 1 1 -1 495
cam_18 12833 2 1 828 190
cam_18 12838 2 1 859 196
cam_18 12822 2 1 806 184
cam_18 12870 1 1 385 428
cam_18 12846 2 1 841 200
cam_18 12837 2 1 795 185
cam_18 12853 1 1 149 360
cam_18 12876 1 1 206 353
cam_18 12864 2 1 837 195
cam_18 12878 2 1 845 191
cam_18 12882 1 1 285 378
cam_18 12864 2 1 799 183
cam_18 12875 2 1 799 179
cam_18 12900 1 1 174 367
cam_18 12884 2 1 823 195
cam_18 12889 1 1 123 441
cam_18 12927 2 1 833 190
cam_18 12951 2 1 840 190
cam_18 12958 1 1 56 422
cam_18 12972 1 1 37 407
cam_18 12984 1 1 203 385
cam_18 12974 2 1 838 193
cam_18 12989 2 1 833 188
cam_18 13014 1 1 21 429
cam_18 13027 1 1 215 321
cam_18 13034 2 1 824 189
cam_18 13052 1 1 308 370
cam_18 13065 2 4 832 182
cam_18 13073 2 1 828 189
cam_18 13076 2 1 781 176
cam_18 13083 2 1 830 186
cam_18 13107 1 1 162 372
cam_18 13069 2 1 786 213
cam_18 13131 1 1 190 366
cam_18 13124 2 1 828 191
cam_18 13132 1 1 369 355
cam_18 13373 2 1 862 202
cam_18 13159 1 1 65 437
cam_18 13162 1 1 35 514
cam_18 13137 2 1 818 191
cam_18 13148 2 1 845 191
cam_18 13154 2 1 823 187
cam_18 13181 1 1 14 433
cam_18 13165 2 1 831 188
cam_18 13173 2 1 817 187
cam_18 13176 2 1 849 194
cam_18 13196 2 1 855 200
cam_18 13181 2 1 827 198
cam_18 13196 1 1 374 334
cam_18 13204 1 1 65 397
cam_18 13190 2 1 826 188
cam_18 13202 2 1 831 189
cam_18 13222 1 1 315 341
cam_18 13203 2 1 795 178
cam_18 13231 1 1 335 383
cam_18 13244 2 1 845 191
cam_18 13223 2 1 840 194
cam_18 13252 1 1 370 410
cam_18 13250 1 1 75 487
cam_18 13246 1 1 103 404
cam_18 13259 1 1 312 408
cam_18 13266 1 1 344 371
cam_18 13266 2 1 847 194
cam_18 13254 1 1 246 348
cam_18 13265 1 1 320 371
cam_18 13294 1 1 125 405
cam_18 13297 1 1 324 380
cam_18 13304 1 1 256 367
cam_18 13318 1 1 303 366
cam_18 13301 1 1 186 348
cam_18 13315 1 1 98 395
cam_18 13337 1 1 36 414
cam_18 13321 1 1 386 363
cam_18 13319 2 1 845 197
cam_18 13357 1 1 109 423
cam_18 13348 1 1 65 466
cam_18 13331 1 1 255 368
cam_18 13383 1 1 234 261
cam_18 13382 1 1 256 288
cam_18 13361 2 1 827 190
cam_18 13405 1 1 120 370
cam_18 13408 1 1 286 379
cam_18 13386 2 1 826 191
cam_18 13391 2 1 853 198
cam_18 13394 2 1 811 182
cam_18 13433 1 1 12 426
cam_18 13408 2 1 808 182
cam_18 13421 2 1 868 203
cam_18 13404 2 1 825 188
cam_18 13418 2 1 826 188
cam_18 13484 1 2 -41 607
cam_18 13447 1 1 123 379
cam_18 13425 2 1 814 189
cam_18 13465 1 1 198 207
cam_18 13433 2 1 828 190
cam_18 13465 1 1 310 299
cam_18 13445 2 1 832 188
cam_18 13476 2 1 853 198
cam_18 13470 1 1 211 344
cam_18 13469 2 1 821 195
cam_18 13484 2 1 822 190
cam_18 13499 2 1 845 192
cam_18 13497 2 1 800 181
