cam_08 37 2 3 730 172
cam_08 8 1 1 232 509
cam_08 22 1 1 85 501
cam_08 20 1 1 351 483
cam_08 11 1 1 158 460
cam_08 27 1 1 172 482
cam_08 15 1 1 255 496
cam_08 37 1 1 152 496
cam_08 67 1 2 180 527
cam_08 42 1 1 214 471
cam_08 44 1 1 282 471
cam_08 66 1 2 471 511
cam_08 60 1 1 266 485
cam_08 63 1 1 309 472
cam_08 67 1 1 168 502
cam_08 66 2 1 866 220
cam_08 57 1 1 79 498
cam_08 90 2 1 767 206
cam_08 79 1 1 205 501
cam_08 97 2 1 852 228
cam_08 96 1 4 404 571
cam_08 102 1 1 176 481
cam_08 116 1 1 77 500
cam_08 118 1 1 291 422
cam_08 122 1 1 100 487
cam_08 113 1 1 132 510
cam_08 120 1 1 237 532
cam_08 157 1 4 201 512
cam_08 153 2 1 801 202
cam_08 163 2 1 817 201
cam_08 179 2 1 877 196
cam_08 177 2 1 806 203
cam_08 186 2 1 859 224
cam_08 202 1 4 397 549
cam_08 201 2 1 804 202
cam_08 222 1 1 158 465
cam_08 228 2 1 801 201
cam_08 238 1 1 71 471
cam_08 228 1 1 74 488
cam_08 284 1 4 270 489
cam_08 229 1 1 289 417
cam_08 237 1 1 153 496
cam_08 273 2 1 917 233
cam_08 255 1 1 75 480
cam_08 249 1 2 419 531
cam_08 253 1 1 266 487
cam_08 262 1 4 100 535
cam_08 268 1 1 27 488
cam_08 270 1 1 183 505
cam_08 276 1 1 145 496
cam_08 277 2 1 697 233
cam_08 286 2 1 855 238
cam_08 280 1 1 62 485
cam_08 313 2 1 680 230
cam_08 316 1 3 201 554
cam_08 304 1 1 199 505
cam_08 336 2 1 887 213
cam_08 312 1 1 56 492
cam_08 590 2 2 709 196
cam_08 328 1 1 88 463
cam_08 327 1 1 185 496
cam_08 333 1 2 454 520
cam_08 335 1 1 247 493
cam_08 350 1 1 73 491
cam_08 343 1 1 229 494
cam_08 364 2 1 832 231
cam_08 344 1 1 301 506
cam_08 354 1 1 211 487
cam_08 363 1 1 161 471
cam_08 379 1 4 228 525
cam_08 404 1 1 77 477
cam_08 400 1 1 86 482
cam_08 413 1 1 48 487
cam_08 414 1 1 177 472
cam_08 436 2 1 886 238
cam_08 462 2 1 895 227
cam_08 426 1 4 210 479
cam_08 432 2 1 840 207
cam_08 447 2 1 866 212
cam_08 470 1 1 137 479
cam_08 456 1 4 182 517
cam_08 478 2 1 867 210
cam_08 497 1 1 178 469
cam_08 481 1 4 184 515
cam_08 513 2 1 671 227
cam_08 544 1 4 196 520
cam_08 546 2 1 886 222
cam_08 561 1 1 126 474
cam_08 589 1 1 125 477
cam_08 651 2 1 825 201
cam_08 618 2 1 883 238
cam_08 643 2 1 896 210
cam_08 658 2 1 867 213
cam_08 649 2 1 739 218
cam_08 634 1 1 290 404
cam_08 646 1 1 333 404
cam_08 649 1 1 88 455
cam_08 670 1 1 112 475
cam_08 669 1 1 314 416
cam_08 684 2 1 671 212
cam_08 700 2 3 739 197
cam_08 687 1 1 279 438
cam_08 710 1 1 88 505
cam_08 702 1 1 204 468
cam_08 706 2 1 843 206
cam_08 722 1 1 237 470
cam_08 711 1 1 241 416
cam_08 732 2 1 906 230
cam_08 709 1 1 124 419
cam_08 746 1 4 323 564
cam_08 716 1 1 113 473
cam_08 717 1 1 321 490
cam_08 736 1 1 304 502
cam_08 742 2 1 840 209
cam_08 731 1 1 109 493
cam_08 739 1 1 104 492
cam_08 769 1 1 245 456
cam_08 749 1 1 316 473
cam_08 767 1 1 164 474
cam_08 758 1 1 157 464
cam_08 780 1 1 303 401
cam_08 778 1 1 66 494
cam_08 816 1 1 44 486
cam_08 807 1 1 127 498
cam_08 793 1 4 451 548
cam_08 804 1 1 311 481
cam_08 802 1 1 42 497
cam_08 797 1 1 43 490
cam_08 798 1 1 317 501
cam_08 820 1 1 204 443
cam_08 814 1 1 404 428
cam_08 842 1 4 392 568
cam_08 825 1 1 41 487
cam_08 840 1 1 259 491
cam_08 837 1 1 192 475
cam_08 834 1 1 232 412
cam_08 864 1 2 406 575
cam_08 856 1 1 183 485
cam_08 877 2 1 879 223
cam_08 865 1 1 204 463
cam_08 858 1 1 330 416
cam_08 873 2 1 825 199
cam_08 869 1 1 256 514
cam_08 877 1 1 155 497
cam_08 872 1 1 136 471
cam_08 877 1 1 114 457
cam_08 889 1 4 369 461
cam_08 906 2 4 775 208
cam_08 913 1 1 203 422
cam_08 906 1 1 256 503
cam_08 909 1 1 80 486
cam_08 926 1 1 320 478
cam_08 932 1 1 229 504
cam_08 942 1 1 205 425
cam_08 947 1 1 239 498
cam_08 963 1 1 264 507
cam_08 964 1 1 361 426
cam_08 966 1 1 325 498
cam_08 982 1 1 298 511
cam_08 972 1 2 106 478
cam_08 1003 1 1 382 419
cam_08 1032 1 1 190 502
cam_08 1023 1 1 268 460
cam_08 1027 1 1 355 469
cam_08 1039 1 1 318 480
cam_08 1066 1 3 312 570
cam_08 1084 1 1 70 479
cam_08 1082 1 2 422 524
cam_08 1087 1 1 232 508
cam_08 1101 1 1 122 436
cam_08 1110 1 4 415 547
cam_08 1102 1 1 229 420
cam_08 1105 1 1 320 480
cam_08 1122 1 2 456 522
cam_08 1116 1 1 228 425
cam_08 1159 2 2 733 197
cam_08 1135 1 4 455 555
cam_08 1174 2 2 788 203
cam_08 1153 1 2 426 554
cam_08 1170 1 2 214 526
cam_08 1168 1 1 73 481
cam_08 1164 1 2 461 510
cam_08 1199 2 2 737 196
cam_08 1179 1 1 195 499
cam_08 1172 1 1 92 480
cam_08 1186 1 1 190 435
cam_08 1188 1 4 304 504
cam_08 1181 1 1 105 473
cam_08 1196 2 1 831 205
cam_08 1219 1 1 54 503
cam_08 1204 1 1 43 494
cam_08 1215 1 1 87 497
cam_08 1216 1 1 68 529
cam_08 1233 1 2 318 539
cam_08 1227 1 1 266 494
cam_08 1221 2 1 837 221
cam_08 1260 2 1 895 227
cam_08 1249 2 1 849 206
cam_08 1248 1 1 68 515
cam_08 1224 1 1 166 469
cam_08 1258 2 3 693 200
cam_08 1227 1 1 222 420
cam_08 1290 2 1 864 233
cam_08 1236 1 1 69 495
cam_08 1254 1 1 113 487
cam_08 1247 2 1 791 207
cam_08 1243 1 4 438 475
cam_08 1259 1 2 234 549
cam_08 1323 2 3 697 221
cam_08 1245 1 1 83 487
cam_08 1279 2 1 769 213
cam_08 1282 1 1 41 492
cam_08 1288 1 1 137 433
cam_08 1284 1 1 250 453
cam_08 1290 1 1 97 487
cam_08 1278 1 1 411 411
cam_08 1294 1 1 151 489
cam_08 1300 1 1 126 472
cam_08 1308 1 1 242 472
cam_08 1582 2 2 697 186
cam_08 1326 1 1 240 419
cam_08 1540 2 4 802 199
cam_08 1614 2 2 701 200
cam_08 1380 2 1 863 202
cam_08 1386 1 4 195 524
cam_08 1401 1 1 188 434
cam_08 1418 1 2 467 521
cam_08 1576 2 2 803 199
cam_08 1633 2 2 701 226
cam_08 1439 1 1 93 483
cam_08 1456 1 1 91 496
cam_08 1463 1 1 63 467
cam_08 1521 1 2 449 548
cam_08 1473 1 1 277 403
cam_08 1473 1 1 156 414
cam_08 1513 1 4 241 500
cam_08 1567 2 1 877 232
cam_08 1578 1 1 129 482
cam_08 1651 2 2 792 200
cam_08 1598 1 1 143 494
cam_08 1599 2 1 861 221
cam_08 1612 2 1 800 232
cam_08 1615 2 1 846 234
cam_08 1603 1 4 200 528
cam_08 1629 2 1 852 209
cam_08 1627 1 1 285 521
cam_08 1624 1 1 394 490
cam_08 1635 1 1 203 487
cam_08 1705 2 4 698 173
cam_08 1636 1 1 423 417
cam_08 1626 1 1 343 548
cam_08 1647 1 1 246 467
cam_08 1644 1 1 176 492
cam_08 1688 1 1 117 486
cam_08 1667 1 1 137 463
cam_08 1651 1 1 160 468
cam_08 1667 1 1 336 487
cam_08 1658 1 1 356 494
cam_08 1656 1 1 283 486
cam_08 1672 1 1 216 439
cam_08 1700 2 1 806 206
cam_08 1691 1 2 409 576
cam_08 1688 1 1 184 480
cam_08 1677 1 1 95 443
cam_08 1677 1 1 273 462
cam_08 1695 1 1 117 421
cam_08 1676 1 1 163 444
cam_08 1703 1 1 126 468
cam_08 1693 1 1 366 485
cam_08 1705 2 1 856 213
cam_08 1693 1 1 312 458
cam_08 1701 1 1 265 476
cam_08 1695 1 1 155 471
cam_08 1728 2 2 798 200
cam_08 1707 1 1 293 467
cam_08 1738 2 1 689 200
cam_08 1715 1 1 212 486
cam_08 1727 1 1 223 487
cam_08 1737 2 1 847 208
cam_08 1723 1 1 66 491
cam_08 1739 1 1 229 493
cam_08 1744 1 1 292 506
cam_08 1781 1 1 65 491
cam_08 1776 2 1 813 206
cam_08 1797 1 4 439 551
cam_08 1776 2 3 714 200
cam_08 1804 2 2 746 191
cam_08 1810 2 1 849 207
cam_08 1800 2 1 823 207
cam_08 1820 2 2 735 205
cam_08 1832 1 4 440 551
cam_08 1860 2 1 860 217
cam_08 1870 2 1 842 201
cam_08 1879 2 1 858 216
cam_08 1848 1 4 487 564
cam_08 1881 1 4 455 553
cam_08 1892 2 3 734 206
cam_08 1904 2 1 848 205
cam_08 1923 2 3 689 191
cam_08 1922 1 1 144 481
cam_08 1925 1 1 469 483
cam_08 1923 1 1 328 519
cam_08 1932 1 1 241 484
cam_08 1935 1 1 218 413
cam_08 1974 2 1 715 203
cam_08 1971 2 1 900 229
cam_08 1992 1 3 277 571
cam_08 1980 2 4 783 202
cam_08 1987 2 1 685 238
cam_08 1983 1 1 166 487
cam_08 1999 1 1 197 441
cam_08 2015 2 4 816 179
cam_08 2011 2 1 668 206
cam_08 2013 1 4 199 574
cam_08 2005 1 1 249 401
cam_08 1999 1 1 302 439
cam_08 1995 1 1 283 469
cam_08 2023 1 1 217 459
cam_08 2045 2 4 790 173
cam_08 2035 1 1 223 492
cam_08 2030 1 1 162 468
cam_08 2040 1 1 344 401
cam_08 2050 1 1 162 502
cam_08 2064 1 2 457 525
cam_08 2060 1 1 230 504
cam_08 2039 1 1 317 482
cam_08 2061 1 1 169 471
cam_08 2057 2 2 734 207
cam_08 2054 1 1 401 488
cam_08 2067 1 1 255 455
cam_08 2049 1 1 66 490
cam_08 2082 2 2 749 202
cam_08 2085 1 2 417 574
cam_08 2088 1 1 177 469
cam_08 2070 1 1 123 511
cam_08 2077 1 1 333 408
cam_08 2085 1 1 99 486
cam_08 2078 1 1 103 512
cam_08 2088 1 1 310 474
cam_08 2087 1 1 235 488
cam_08 2100 1 1 276 486
cam_08 2095 1 1 115 493
cam_08 2100 1 1 182 486
cam_08 2100 1 1 64 473
cam_08 2125 1 4 307 443
cam_08 2116 1 1 131 494
cam_08 2089 1 1 71 458
cam_08 2114 1 1 87 489
cam_08 2101 2 1 851 215
cam_08 2147 2 4 703 173
cam_08 2114 2 1 836 212
cam_08 2148 1 1 99 493
cam_08 2142 1 1 348 467
cam_08 2154 1 1 78 481
cam_08 2163 1 1 247 472
cam_08 2139 1 2 220 530
cam_08 2155 1 1 333 402
cam_08 2161 2 1 894 232
cam_08 2152 1 1 482 425
cam_08 2159 2 1 814 210
cam_08 2173 1 1 96 545
cam_08 2151 1 1 124 411
cam_08 2170 1 1 282 493
cam_08 2172 1 1 404 429
cam_08 2171 2 1 855 203
cam_08 2176 1 1 201 501
cam_08 2184 1 4 452 550
cam_08 2206 1 1 76 490
cam_08 2199 1 1 280 469
cam_08 2214 1 1 196 483
cam_08 2226 2 1 851 226
cam_08 2238 2 1 858 209
cam_08 2280 1 1 193 494
cam_08 2280 1 1 148 435
cam_08 2271 1 1 173 457
cam_08 2280 1 1 302 459
cam_08 2314 1 1 31 488
cam_08 2314 2 1 851 204
cam_08 2341 1 4 199 502
cam_08 2367 1 2 399 559
cam_08 2354 1 1 255 483
cam_08 2401 2 2 864 205
cam_08 2416 1 1 132 470
cam_08 2436 2 1 842 228
cam_08 2455 1 4 447 550
cam_08 2445 2 1 793 203
cam_08 2440 2 1 755 204
cam_08 2481 2 1 814 239
cam_08 2523 2 1 837 207
cam_08 2497 1 4 241 515
cam_08 2541 1 4 207 512
cam_08 2539 2 1 821 232
cam_08 2568 1 1 260 479
cam_08 2568 1 1 365 449
cam_08 2576 1 1 89 494
cam_08 2599 2 1 680 206
cam_08 2583 1 1 257 502
cam_08 2592 1 1 245 494
cam_08 2601 1 1 207 477
cam_08 2605 2 2 741 199
cam_08 2606 1 1 113 476
cam_08 2611 1 1 234 508
cam_08 2605 1 1 207 439
cam_08 2610 1 2 456 509
cam_08 2601 2 1 832 237
cam_08 2619 1 1 235 478
cam_08 2629 1 1 75 478
cam_08 2629 1 1 238 414
cam_08 2628 2 1 814 207
cam_08 2617 1 1 296 509
cam_08 2632 1 1 172 504
cam_08 2647 1 1 201 499
cam_08 2628 1 1 446 490
cam_08 2644 1 3 454 571
cam_08 2631 1 1 391 426
cam_08 2637 1 1 112 476
cam_08 2649 1 1 333 478
cam_08 2643 1 1 298 495
cam_08 2652 1 1 124 469
cam_08 2658 1 1 343 496
cam_08 2665 1 1 175 495
cam_08 2658 1 1 81 476
cam_08 2676 1 1 137 485
cam_08 2675 1 1 269 494
cam_08 2674 1 2 463 512
cam_08 2685 1 1 291 497
cam_08 2700 2 1 808 222
cam_08 2709 2 1 766 211
cam_08 2724 2 1 860 228
cam_08 2733 1 2 390 568
cam_08 2748 1 1 299 501
cam_08 2761 1 1 202 448
cam_08 2758 1 1 302 482
cam_08 2780 1 1 246 486
cam_08 2775 1 1 220 403
cam_08 2774 2 1 833 211
cam_08 2795 1 1 200 474
cam_08 2792 1 1 321 482
cam_08 2797 1 1 309 470
cam_08 2803 1 1 204 455
cam_08 2812 2 1 847 204
cam_08 2812 1 1 312 510
cam_08 2819 1 2 395 574
cam_08 2815 2 1 835 238
cam_08 2832 2 3 719 200
cam_08 2837 1 1 279 503
cam_08 2845 1 1 328 484
cam_08 2858 1 1 204 503
cam_08 2894 2 2 812 201
cam_08 2867 1 1 95 472
cam_08 2869 1 1 286 501
cam_08 2882 1 1 301 482
cam_08 2873 1 1 210 481
cam_08 2883 1 1 182 486
cam_08 2902 2 1 867 205
cam_08 2905 1 1 221 505
cam_08 2910 1 1 266 430
cam_08 2920 1 1 143 494
cam_08 2933 1 1 283 489
cam_08 2922 1 1 224 497
cam_08 2917 1 1 431 455
cam_08 2931 1 1 224 445
cam_08 2964 2 3 715 202
cam_08 2937 1 1 98 492
cam_08 2932 1 1 301 446
cam_08 2938 1 1 228 469
cam_08 2949 1 1 303 473
cam_08 2955 1 1 347 502
cam_08 2958 1 1 281 467
cam_08 2983 2 2 770 205
cam_08 2962 1 1 84 474
cam_08 2978 1 1 179 474
cam_08 2989 1 1 261 505
cam_08 2997 1 2 421 570
cam_08 2995 1 1 304 483
cam_08 2994 1 1 260 436
cam_08 3014 2 4 722 176
cam_08 2997 1 1 59 489
cam_08 2991 1 1 52 471
cam_08 3002 1 1 86 482
cam_08 3027 1 3 396 535
cam_08 3015 1 1 202 482
cam_08 3028 1 1 173 401
cam_08 3008 1 1 265 500
cam_08 3021 1 1 310 422
cam_08 3043 1 1 357 468
cam_08 3075 2 1 844 233
cam_08 3069 2 1 899 218
cam_08 3077 1 1 180 496
cam_08 3098 2 2 748 204
cam_08 3087 1 1 225 476
cam_08 3082 1 1 163 439
cam_08 3083 1 1 287 495
cam_08 3095 1 1 150 497
cam_08 3084 1 1 96 500
cam_08 3107 1 1 178 482
cam_08 3178 2 3 696 227
cam_08 3126 1 1 57 493
cam_08 3128 1 1 159 478
cam_08 3114 1 1 116 465
cam_08 3141 2 1 852 208
cam_08 3137 1 1 226 479
cam_08 3122 1 1 198 479
cam_08 3141 2 1 800 206
cam_08 3145 1 1 313 473
cam_08 3147 2 1 876 238
cam_08 3153 1 4 450 542
cam_08 3170 1 1 119 490
cam_08 3165 1 1 267 482
cam_08 3175 1 1 304 422
cam_08 3189 1 1 115 471
cam_08 3200 1 1 39 495
cam_08 3196 1 3 414 562
cam_08 3174 1 1 145 426
cam_08 3204 1 1 147 461
cam_08 3252 2 1 873 218
cam_08 3216 1 1 71 468
cam_08 3224 1 1 84 492
cam_08 3229 1 1 109 490
cam_08 3258 2 1 866 210
cam_08 3249 1 1 117 490
cam_08 3304 2 1 884 235
cam_08 3297 1 4 192 528
cam_08 3346 1 4 178 491
cam_08 3331 1 4 454 404
cam_08 3478 2 2 806 211
cam_08 3386 1 1 101 489
cam_08 3367 1 4 229 528
cam_08 3436 1 4 469 549
cam_08 3501 2 1 797 220
cam_08 3514 2 2 698 207
cam_08 3513 2 1 791 230
cam_08 3501 1 1 195 472
cam_08 3489 1 4 148 507
cam_08 3515 1 1 208 501
cam_08 3520 1 1 254 489
cam_08 3525 1 1 322 465
cam_08 3532 1 1 145 483
cam_08 3539 1 1 183 488
cam_08 3537 1 1 242 404
cam_08 3552 1 1 165 476
cam_08 3561 2 1 816 208
cam_08 3562 1 1 307 441
cam_08 3565 1 1 232 406
cam_08 3566 1 1 88 469
cam_08 3554 2 1 872 204
cam_08 3564 1 1 408 464
cam_08 3597 1 4 333 574
cam_08 3561 1 1 183 466
cam_08 3576 1 1 140 482
cam_08 3573 1 1 352 407
cam_08 3583 1 1 316 468
cam_08 3583 1 1 160 504
cam_08 3584 1 1 67 482
cam_08 3589 1 1 194 486
cam_08 3605 1 1 96 481
cam_08 3605 1 1 197 501
cam_08 3634 1 2 430 568
cam_08 3613 1 1 73 488
cam_08 3619 1 1 268 460
cam_08 3613 1 1 211 438
cam_08 3620 1 1 353 482
cam_08 3611 1 1 287 502
cam_08 3627 1 1 95 483
cam_08 3635 1 1 65 498
cam_08 3636 1 1 290 494
cam_08 3637 2 1 848 203
cam_08 3634 1 1 345 418
cam_08 3640 1 1 384 417
cam_08 3651 2 2 721 199
cam_08 3647 1 1 251 489
cam_08 3658 2 1 876 224
cam_08 3647 1 1 87 487
cam_08 3668 1 1 404 498
cam_08 3661 1 1 278 433
cam_08 3678 2 1 811 209
cam_08 3705 2 4 695 194
cam_08 3680 1 1 295 472
cam_08 3705 1 1 125 468
cam_08 3720 2 1 883 192
cam_08 3720 1 1 417 501
cam_08 3715 1 1 336 415
cam_08 3740 1 1 214 484
cam_08 3746 1 1 247 480
cam_08 3748 2 1 836 216
cam_08 3748 1 1 310 408
cam_08 3753 1 1 371 493
cam_08 3764 1 1 250 490
cam_08 3770 2 1 816 202
cam_08 3770 2 2 738 205
cam_08 3772 1 1 278 497
cam_08 3778 2 1 766 234
cam_08 3777 1 1 147 482
cam_08 3786 1 1 89 490
cam_08 3786 2 1 712 224
cam_08 3790 2 1 824 204
cam_08 3770 1 1 249 482
cam_08 3783 1 1 247 464
cam_08 3800 2 3 760 202
cam_08 3793 1 1 185 459
cam_08 3802 2 1 825 202
cam_08 3836 2 1 858 206
cam_08 3826 1 1 229 421
cam_08 3852 1 4 85 497
cam_08 3828 1 1 185 492
cam_08 3854 1 1 86 484
cam_08 3862 1 1 305 488
cam_08 3879 1 1 118 471
cam_08 3912 2 4 713 172
cam_08 3901 1 1 130 485
cam_08 3898 1 1 206 417
cam_08 3921 2 1 825 203
cam_08 3936 2 2 799 200
cam_08 3929 1 1 308 502
cam_08 3928 1 1 165 438
cam_08 3938 1 4 452 559
cam_08 3916 1 4 199 513
cam_08 3949 2 2 744 206
cam_08 3954 1 2 464 526
cam_08 3964 2 1 869 220
cam_08 3955 2 1 892 238
cam_08 3960 1 1 222 402
cam_08 3975 2 2 793 205
cam_08 3970 1 1 103 463
cam_08 3975 2 1 853 206
cam_08 3989 1 1 204 485
cam_08 3981 2 1 858 223
cam_08 4005 2 4 768 187
cam_08 3988 1 1 231 451
cam_08 4029 2 1 776 205
cam_08 3996 1 4 451 558
cam_08 4016 2 1 823 205
cam_08 4004 1 1 202 475
cam_08 3996 1 1 181 460
cam_08 4012 1 1 211 504
cam_08 3996 1 1 91 481
cam_08 4020 1 1 120 489
cam_08 4018 1 1 371 408
cam_08 4023 1 1 251 456
cam_08 4017 1 1 284 440
cam_08 4021 1 1 289 414
cam_08 4010 1 1 50 503
cam_08 4034 1 1 196 474
cam_08 4044 1 1 298 445
cam_08 4052 1 1 168 477
cam_08 4057 1 1 234 491
cam_08 4060 1 1 188 452
cam_08 4063 1 1 247 503
cam_08 4064 2 1 833 204
cam_08 4047 1 1 161 493
cam_08 4077 2 1 820 204
cam_08 4083 1 1 175 432
cam_08 4107 1 1 127 485
cam_08 4095 2 1 817 209
cam_08 4090 2 1 886 236
cam_08 4095 2 1 779 207
cam_08 4110 2 1 824 223
cam_08 4131 1 1 285 456
cam_08 4169 1 4 277 565
cam_08 4147 1 1 221 448
cam_08 4140 1 4 181 523
cam_08 4153 1 1 183 416
cam_08 4179 1 1 326 417
cam_08 4188 1 4 394 576
cam_08 4185 1 1 105 459
cam_08 4193 1 1 199 457
cam_08 4209 1 1 93 474
cam_08 4201 1 1 165 484
cam_08 4213 2 1 868 221
cam_08 4254 1 1 97 491
cam_08 4393 2 1 824 198
cam_08 4309 2 1 693 210
cam_08 4324 1 1 100 474
cam_08 4330 1 4 434 453
cam_08 4377 2 1 877 215
cam_08 4394 1 4 392 556
cam_08 4414 1 4 218 566
cam_08 4420 1 1 136 451
cam_08 4440 2 1 863 209
cam_08 4444 2 1 849 224
cam_08 4470 1 4 204 510
cam_08 4491 2 1 875 239
cam_08 4492 1 1 245 464
cam_08 4506 1 1 229 419
cam_08 4506 1 1 333 462
cam_08 4519 1 1 285 427
cam_08 4539 1 1 189 490
cam_08 4519 1 1 322 490
cam_08 4533 1 1 258 479
cam_08 4562 1 1 172 491
cam_08 4551 1 1 313 440
cam_08 4575 1 1 75 472
cam_08 4563 1 4 84 486
cam_08 4578 1 1 181 502
cam_08 4579 2 1 847 216
cam_08 4598 1 1 198 479
cam_08 4581 1 1 85 477
cam_08 4616 1 4 288 554
cam_08 4623 2 1 839 207
cam_08 4630 1 4 440 563
cam_08 4698 1 4 50 470
cam_08 4657 2 4 861 215
cam_08 4701 1 4 282 434
cam_08 4681 2 1 873 209
cam_08 4660 1 1 84 469
cam_08 4686 1 1 197 477
cam_08 4723 1 3 381 568
cam_08 4728 1 2 139 553
cam_08 4715 1 1 174 488
cam_08 4740 1 2 257 537
cam_08 4713 1 1 72 503
cam_08 4746 1 4 437 577
cam_08 4733 2 4 713 199
cam_08 4725 1 1 52 496
cam_08 4746 1 1 110 472
cam_08 4754 2 1 820 206
cam_08 4747 1 1 207 465
cam_08 4754 1 1 185 481
cam_08 4757 1 2 342 533
cam_08 4756 2 1 840 221
cam_08 4763 1 1 80 495
cam_08 4767 1 1 159 497
cam_08 4791 1 4 291 560
cam_08 4751 1 1 60 481
cam_08 4768 1 1 78 486
cam_08 4763 1 1 265 469
cam_08 4770 1 1 209 504
cam_08 4779 1 1 204 493
cam_08 4780 1 1 90 444
cam_08 4790 1 1 78 484
cam_08 4801 1 1 160 489
cam_08 4792 2 1 802 204
cam_08 4774 1 1 55 511
cam_08 4776 1 1 40 484
cam_08 4800 2 1 855 209
cam_08 4795 1 1 97 487
cam_08 4812 1 2 288 560
cam_08 4816 1 1 37 492
cam_08 4810 2 1 849 223
cam_08 4812 1 1 141 502
cam_08 4809 1 1 487 513
cam_08 4801 1 1 87 452
cam_08 4826 1 3 402 561
cam_08 4818 1 1 212 472
cam_08 4817 1 1 131 489
cam_08 4831 1 1 309 487
cam_08 4828 1 1 210 443
cam_08 4850 1 4 420 568
cam_08 4839 1 1 174 458
cam_08 4830 1 1 45 507
cam_08 4860 1 1 12 490
cam_08 4865 1 2 440 537
cam_08 4860 1 1 140 470
cam_08 4866 1 1 194 474
cam_08 4854 1 1 137 472
cam_08 4909 2 1 872 205
cam_08 4876 1 1 252 490
cam_08 4883 1 3 445 569
cam_08 4867 1 1 79 490
cam_08 4885 1 1 231 505
cam_08 4887 1 1 178 464
cam_08 4871 1 1 308 499
cam_08 4875 1 1 138 476
cam_08 4892 1 1 245 500
cam_08 4893 1 1 330 492
cam_08 4905 1 2 444 569
cam_08 4906 1 1 172 496
cam_08 4887 1 1 52 478
cam_08 4899 1 1 312 491
cam_08 4899 1 1 160 493
cam_08 4903 1 1 99 484
cam_08 4910 1 1 257 483
cam_08 4925 1 1 157 499
cam_08 4908 1 1 95 477
cam_08 4935 1 1 97 467
cam_08 4932 1 1 253 472
cam_08 4917 1 1 247 433
cam_08 4921 1 1 320 488
cam_08 4940 1 1 123 481
cam_08 4955 2 4 699 179
cam_08 4954 1 1 253 477
cam_08 4949 1 1 136 484
cam_08 4944 1 1 270 480
cam_08 4954 1 1 62 501
cam_08 4965 2 1 841 209
cam_08 4959 1 1 177 493
cam_08 4962 2 1 791 203
cam_08 4980 1 2 123 554
cam_08 4970 1 1 432 490
cam_08 4984 1 1 454 423
cam_08 4983 1 1 193 454
cam_08 4992 1 1 65 480
cam_08 4995 1 1 326 448
cam_08 5013 1 1 101 491
cam_08 5004 1 1 304 482
cam_08 5016 1 1 216 475
cam_08 5022 2 1 847 218
cam_08 5039 1 1 148 485
cam_08 5029 1 1 264 444
cam_08 5023 1 1 282 500
cam_08 5046 1 1 192 485
cam_08 5066 1 2 404 561
cam_08 5064 1 1 256 500
cam_08 5085 2 1 817 224
cam_08 5079 1 2 403 490
cam_08 5373 2 2 714 196
cam_08 5089 1 1 165 483
cam_08 5115 2 1 863 204
cam_08 5115 2 1 767 202
cam_08 5112 1 1 241 480
cam_08 5111 1 1 125 490
cam_08 5120 1 1 203 495
cam_08 5154 2 1 827 212
cam_08 5187 1 4 252 569
cam_08 5151 2 1 851 208
cam_08 5142 1 1 250 415
cam_08 5150 1 1 77 490
cam_08 5221 2 1 863 214
cam_08 5157 1 1 107 460
cam_08 5155 1 1 194 491
cam_08 5244 2 1 861 214
cam_08 5407 2 2 715 199
cam_08 5184 2 1 782 222
cam_08 5241 1 4 452 548
cam_08 5221 1 4 195 509
cam_08 5265 2 1 861 211
cam_08 5257 2 1 773 203
cam_08 5256 1 4 204 523
cam_08 5361 2 1 830 225
cam_08 5348 2 1 781 203
cam_08 5333 1 1 43 483
cam_08 5365 1 4 453 552
cam_08 5394 2 1 893 236
cam_08 5398 2 1 820 215
cam_08 5422 1 4 208 485
cam_08 5439 2 1 830 203
cam_08 5444 1 1 166 475
cam_08 5449 1 1 228 502
cam_08 5462 1 1 204 458
cam_08 5461 1 1 256 429
cam_08 5484 2 4 700 182
cam_08 5468 1 1 60 487
cam_08 5479 1 1 175 497
cam_08 5474 1 1 189 486
cam_08 5481 1 1 101 487
cam_08 5475 1 1 58 484
cam_08 5489 1 1 183 486
cam_08 5502 1 1 181 470
cam_08 5491 1 1 341 439
cam_08 5495 1 1 248 477
cam_08 5493 1 1 194 472
cam_08 5510 1 1 108 481
cam_08 5493 1 1 98 467
cam_08 5502 2 1 830 235
cam_08 5519 1 1 235 496
cam_08 5500 1 1 118 492
cam_08 5532 1 1 297 432
cam_08 5532 1 2 460 443
cam_08 5540 1 1 120 492
cam_08 5526 1 1 55 485
cam_08 5557 1 1 128 495
cam_08 5558 1 1 65 492
cam_08 5561 1 1 176 479
cam_08 5550 1 1 101 489
cam_08 5571 2 2 748 201
cam_08 5578 2 1 865 221
cam_08 5575 1 1 275 413
cam_08 5586 1 1 131 504
cam_08 5584 1 1 323 440
cam_08 5604 2 2 711 194
cam_08 5583 2 4 831 220
cam_08 5585 1 1 296 481
cam_08 5600 1 1 211 486
cam_08 5596 2 1 851 217
cam_08 5600 1 2 430 530
cam_08 5609 1 1 87 481
cam_08 5616 1 4 357 570
cam_08 5592 1 1 179 450
cam_08 5614 1 1 129 493
cam_08 5615 1 1 238 491
cam_08 5617 1 1 123 453
cam_08 5597 1 1 101 477
cam_08 5614 2 4 808 200
cam_08 5628 1 1 183 481
cam_08 5619 1 1 165 482
cam_08 5635 1 1 406 476
cam_08 5619 1 1 357 439
cam_08 5624 1 1 107 463
cam_08 5634 1 1 299 471
cam_08 5640 1 1 276 480
cam_08 5643 1 1 373 412
cam_08 5637 1 1 493 501
cam_08 5655 1 1 271 457
cam_08 5660 1 1 395 496
cam_08 5668 1 1 107 461
cam_08 5663 1 1 286 490
cam_08 5649 1 1 255 476
cam_08 5653 2 1 853 238
cam_08 5668 1 1 275 480
cam_08 5654 1 1 182 480
cam_08 5673 1 1 47 467
cam_08 5671 1 1 379 466
cam_08 5676 1 1 282 402
cam_08 5665 1 1 190 482
cam_08 5678 1 1 351 487
cam_08 5686 1 1 348 486
cam_08 5670 2 1 881 238
cam_08 5693 1 1 124 486
cam_08 5684 1 1 285 482
cam_08 5686 2 1 823 208
cam_08 5696 1 1 221 476
cam_08 5692 2 1 858 208
cam_08 5698 2 1 851 222
cam_08 5702 1 1 269 484
cam_08 5718 1 1 252 478
cam_08 5702 1 1 88 493
cam_08 5739 1 4 221 446
cam_08 5757 1 4 168 503
cam_08 5790 2 2 810 201
cam_08 5836 1 4 350 560
cam_08 5799 2 4 745 200
cam_08 5797 1 1 271 426
cam_08 5785 1 1 249 490
cam_08 5804 2 1 847 209
cam_08 5809 2 1 902 231
cam_08 5812 1 1 279 413
cam_08 5822 1 1 132 490
cam_08 5821 1 1 55 496
cam_08 5812 1 1 146 428
cam_08 5841 1 1 127 434
cam_08 5856 1 2 449 549
cam_08 5838 1 1 179 480
cam_08 5851 1 1 303 495
cam_08 5842 1 1 223 403
cam_08 5852 1 1 145 479
cam_08 5879 1 2 445 562
cam_08 5856 1 1 192 484
cam_08 5862 1 1 200 488
cam_08 5854 1 1 299 454
cam_08 5868 1 1 228 503
cam_08 5874 1 1 136 480
cam_08 5872 1 1 67 453
cam_08 5871 1 1 300 483
cam_08 5877 1 1 209 427
cam_08 5902 1 4 374 577
cam_08 5895 2 4 726 200
cam_08 5894 1 1 201 483
cam_08 5899 1 1 77 482
cam_08 5893 1 1 242 437
cam_08 5907 1 1 195 486
cam_08 5928 1 4 435 581
cam_08 5924 1 1 100 477
cam_08 5912 1 1 171 482
cam_08 5922 1 1 211 468
cam_08 5936 1 2 386 531
cam_08 5933 1 1 176 491
cam_08 5949 2 4 692 192
cam_08 5909 1 1 116 473
cam_08 5940 1 1 240 488
cam_08 5946 1 1 69 482
cam_08 5951 1 1 108 473
cam_08 5929 1 1 60 465
cam_08 5949 1 1 165 426
cam_08 5956 2 1 855 228
cam_08 5946 1 1 280 464
cam_08 5953 1 1 296 480
cam_08 5960 1 1 163 472
cam_08 5980 2 2 894 207
cam_08 5967 1 1 307 461
cam_08 5958 1 1 98 440
cam_08 5991 1 2 450 530
cam_08 5971 2 1 842 224
cam_08 5966 1 1 181 467
cam_08 5996 1 1 104 507
cam_08 6003 1 3 439 560
cam_08 6004 1 1 170 502
cam_08 6004 2 1 833 214
cam_08 6008 1 1 108 487
cam_08 6001 1 1 340 456
cam_08 6015 1 1 70 496
cam_08 6019 1 1 133 490
cam_08 6012 2 1 786 207
cam_08 6020 1 3 437 563
cam_08 6012 1 1 254 472
cam_08 6030 2 1 700 202
cam_08 6016 1 1 312 504
cam_08 6029 2 1 822 201
cam_08 6035 2 1 820 202
cam_08 6036 1 1 161 484
cam_08 6036 1 1 396 433
cam_08 6063 2 1 851 206
cam_08 6036 1 1 295 468
cam_08 6041 1 1 199 497
cam_08 6057 1 1 85 490
cam_08 6064 1 2 383 554
cam_08 6036 1 1 102 481
cam_08 6051 1 1 65 487
cam_08 6059 1 1 178 499
cam_08 6075 1 2 473 498
cam_08 6072 1 1 264 475
cam_08 6065 1 1 194 498
cam_08 6366 2 3 794 168
cam_08 6091 1 1 129 449
cam_08 6082 1 1 287 416
cam_08 6069 1 1 238 482
cam_08 6102 1 1 138 486
cam_08 6113 1 1 90 470
cam_08 6131 1 1 108 493
cam_08 6160 2 1 909 230
cam_08 6175 2 1 698 234
cam_08 6163 1 4 196 500
cam_08 6202 1 1 69 467
cam_08 6207 2 1 909 232
cam_08 6208 1 1 160 423
cam_08 6219 2 2 913 232
cam_08 6223 1 1 293 430
cam_08 6241 1 1 116 455
cam_08 6247 2 1 892 232
cam_08 6274 1 4 208 510
cam_08 6285 1 4 407 531
cam_08 6298 1 4 208 519
cam_08 6331 1 1 81 490
cam_08 6381 1 4 381 571
cam_08 6378 2 1 876 227
cam_08 6394 2 1 879 226
cam_08 6409 2 3 698 204
cam_08 6409 2 1 866 213
cam_08 6415 1 1 287 405
cam_08 6426 2 1 875 220
cam_08 6427 1 1 284 464
cam_08 6410 1 1 67 472
cam_08 6430 1 1 179 454
cam_08 6444 2 1 864 214
cam_08 6456 1 1 77 474
cam_08 6456 1 2 470 541
cam_08 6452 1 1 275 472
cam_08 6461 1 1 248 500
cam_08 6469 1 1 167 473
cam_08 6469 1 1 210 507
cam_08 6480 1 1 106 481
cam_08 6489 1 1 282 487
cam_08 6485 1 1 118 481
cam_08 6490 1 3 452 573
cam_08 6502 1 1 152 482
cam_08 6497 1 1 188 502
cam_08 6477 1 1 267 512
cam_08 6502 1 1 351 492
cam_08 6502 1 1 252 491
cam_08 6509 1 1 332 459
cam_08 6504 1 1 508 472
cam_08 6509 1 1 91 478
cam_08 6517 1 1 145 493
cam_08 6510 1 1 199 494
cam_08 6520 1 1 381 496
cam_08 6524 1 1 262 495
cam_08 6529 1 1 243 488
cam_08 6508 1 1 376 512
cam_08 6518 1 1 293 483
cam_08 6527 1 1 71 490
cam_08 6528 2 1 847 209
cam_08 6536 1 1 67 493
cam_08 6534 1 2 448 540
cam_08 6545 1 1 220 492
cam_08 6543 1 1 404 508
cam_08 6567 1 1 99 504
cam_08 6551 1 1 78 502
cam_08 6567 1 1 248 499
cam_08 6558 1 1 81 482
cam_08 6564 1 1 348 498
cam_08 6601 1 4 206 516
cam_08 6617 2 2 801 204
cam_08 6625 1 1 171 489
cam_08 6635 1 1 287 490
cam_08 6636 1 1 39 498
cam_08 6621 1 1 110 469
cam_08 6636 1 1 409 480
cam_08 6646 1 1 85 455
cam_08 6634 2 1 839 214
cam_08 6627 1 1 496 496
cam_08 6628 1 1 384 431
cam_08 6664 1 1 308 460
cam_08 6660 1 1 98 469
cam_08 6676 1 2 411 578
cam_08 6668 1 1 105 483
cam_08 6675 1 1 97 476
cam_08 6670 2 1 852 239
cam_08 6695 1 2 462 541
cam_08 6697 1 1 169 424
cam_08 6708 1 4 432 542
cam_08 6685 1 1 45 491
cam_08 6705 2 1 890 223
cam_08 6696 2 1 814 208
cam_08 6723 2 1 886 234
cam_08 6730 1 4 180 472
cam_08 6741 1 2 456 511
cam_08 6762 2 1 787 201
cam_08 6760 1 4 344 509
cam_08 6736 1 1 276 409
cam_08 6755 1 1 186 502
cam_08 6779 1 1 231 490
cam_08 6774 1 1 105 467
cam_08 6796 1 4 409 572
cam_08 6789 1 1 171 419
cam_08 6812 1 1 71 500
cam_08 6801 2 1 848 210
cam_08 6808 1 1 198 481
cam_08 6811 1 1 272 427
cam_08 6820 1 1 148 495
cam_08 6827 1 2 461 512
cam_08 6819 1 1 317 499
cam_08 6824 1 1 74 475
cam_08 6839 1 1 211 469
cam_08 6846 1 2 471 551
cam_08 6846 1 1 158 487
cam_08 6852 1 2 245 559
cam_08 6872 1 1 172 501
cam_08 6856 1 1 237 421
cam_08 6870 1 1 274 482
cam_08 6871 1 4 395 575
cam_08 6889 2 1 689 236
cam_08 6901 1 1 283 477
cam_08 6896 1 2 440 525
cam_08 6907 2 1 891 228
cam_08 6888 1 1 386 531
cam_08 6892 1 1 310 460
cam_08 6895 1 1 379 406
cam_08 6895 2 1 838 217
cam_08 6905 1 1 370 480
cam_08 6907 1 1 267 434
cam_08 6930 2 2 701 201
cam_08 6933 1 1 56 477
cam_08 6925 2 1 840 229
cam_08 6933 1 2 268 524
cam_08 6942 2 2 773 196
cam_08 6937 1 4 449 511
cam_08 6928 1 4 389 576
cam_08 6954 1 1 249 451
cam_08 6944 1 1 162 498
cam_08 6961 1 1 264 427
cam_08 6951 1 1 103 483
cam_08 6975 1 2 414 561
cam_08 6978 1 1 298 434
cam_08 6959 1 1 95 479
cam_08 6982 1 1 95 461
cam_08 6997 1 1 274 414
cam_08 6998 1 1 129 485
cam_08 7009 1 1 300 488
cam_08 7009 1 1 211 481
cam_08 7017 1 1 244 499
cam_08 7021 1 1 201 488
cam_08 7010 1 1 124 470
cam_08 7030 1 1 223 499
cam_08 7059 2 1 870 208
cam_08 7046 1 1 170 489
cam_08 7053 1 1 139 496
cam_08 7055 1 1 275 509
cam_08 7061 1 1 79 481
cam_08 7058 1 1 186 508
cam_08 7057 1 1 338 401
cam_08 7066 1 1 173 450
cam_08 7086 2 1 781 214
cam_08 7099 2 1 767 208
cam_08 7069 1 1 249 498
cam_08 7102 2 1 795 200
cam_08 7156 2 2 885 205
cam_08 7148 2 1 773 204
cam_08 7171 1 1 65 489
cam_08 7214 1 1 101 488
cam_08 7198 1 4 198 520
cam_08 7249 2 2 868 201
cam_08 7242 1 3 250 518
cam_08 7311 2 1 872 201
cam_08 7275 1 1 279 484
cam_08 7283 1 1 311 489
cam_08 7379 2 4 710 169
cam_08 7336 1 1 65 489
cam_08 7355 1 2 394 560
cam_08 7339 2 1 823 205
cam_08 7372 1 2 450 550
cam_08 7398 2 2 703 196
cam_08 7362 2 1 871 209
cam_08 7381 2 1 850 225
cam_08 7387 1 1 209 435
cam_08 7383 1 1 304 468
cam_08 7393 1 1 223 501
cam_08 7416 1 1 256 405
cam_08 7408 2 1 845 203
cam_08 7442 2 2 702 195
cam_08 7425 1 1 244 505
cam_08 7401 1 1 227 476
cam_08 7424 1 1 158 495
cam_08 7426 1 1 356 402
cam_08 7417 1 1 75 471
cam_08 7431 1 1 110 491
cam_08 7431 1 1 424 482
cam_08 7455 2 1 808 205
cam_08 7448 1 1 197 482
cam_08 7450 1 1 91 475
cam_08 7455 1 1 138 471
cam_08 7457 1 1 201 490
cam_08 7458 1 1 136 415
cam_08 7484 1 1 200 498
cam_08 7480 1 1 285 410
cam_08 7472 1 1 95 493
cam_08 7467 1 1 427 445
cam_08 7472 1 1 210 511
cam_08 7489 1 1 319 498
cam_08 7505 1 1 267 500
cam_08 7479 1 1 125 452
cam_08 7499 1 1 449 478
cam_08 7501 1 1 222 476
cam_08 7520 2 2 691 200
cam_08 7516 1 1 212 489
cam_08 7499 1 1 41 493
cam_08 7516 2 1 829 227
cam_08 7532 1 1 306 494
cam_08 7516 2 1 872 234
cam_08 7531 1 1 331 456
cam_08 7534 1 1 315 450
cam_08 7544 2 2 754 205
cam_08 7525 1 1 432 449
cam_08 7553 2 1 816 203
cam_08 7548 1 1 267 493
cam_08 7554 1 1 262 502
cam_08 7554 1 1 77 497
cam_08 7567 1 1 306 491
cam_08 7578 2 2 792 198
cam_08 7594 2 3 706 195
cam_08 7584 1 1 142 483
cam_08 7602 1 1 221 493
cam_08 7618 1 4 211 482
cam_08 7636 2 1 828 202
cam_08 7647 2 1 848 202
cam_08 7638 2 1 807 232
cam_08 7632 1 4 305 476
cam_08 7653 1 1 230 501
cam_08 7659 2 1 850 206
cam_08 7663 1 1 398 456
cam_08 7671 2 1 845 212
cam_08 7663 1 1 169 482
cam_08 7670 1 1 211 490
cam_08 7672 2 2 895 227
cam_08 7669 1 1 387 438
cam_08 7681 1 1 96 482
cam_08 7679 1 1 394 485
cam_08 7686 1 1 399 460
cam_08 7719 1 1 86 487
cam_08 7691 1 1 216 478
cam_08 7683 1 1 206 487
cam_08 7690 1 1 80 508
cam_08 7706 1 1 225 496
cam_08 7702 1 1 400 460
cam_08 7700 1 1 72 490
cam_08 7740 1 1 132 433
cam_08 7710 1 1 173 476
cam_08 7716 1 1 292 412
cam_08 7748 1 2 428 566
cam_08 7733 1 1 150 491
cam_08 7741 1 4 132 480
cam_08 7764 1 2 424 563
cam_08 7761 1 1 58 476
cam_08 7752 1 1 297 464
cam_08 7772 1 1 238 468
cam_08 7785 1 1 207 511
cam_08 7792 2 1 810 201
cam_08 7785 2 1 797 209
cam_08 7776 1 1 144 481
cam_08 7783 2 1 856 222
cam_08 7815 2 1 810 204
cam_08 7796 1 1 197 471
cam_08 7818 2 1 830 229
cam_08 7804 1 1 198 499
cam_08 7821 1 1 137 457
cam_08 7847 2 1 834 205
cam_08 7853 1 1 322 486
cam_08 7869 2 1 855 212
cam_08 7896 1 4 357 573
cam_08 7872 1 2 234 403
cam_08 7875 2 1 828 238
cam_08 7886 1 1 71 477
cam_08 7893 1 1 189 417
cam_08 7920 1 1 293 471
cam_08 7921 1 1 199 447
cam_08 7945 1 1 270 494
cam_08 7965 2 2 840 208
cam_08 7958 1 1 245 494
cam_08 7962 1 1 197 462
cam_08 7965 1 1 285 503
cam_08 7953 1 1 68 485
cam_08 7974 2 1 822 239
cam_08 7966 1 1 244 514
cam_08 7975 1 1 232 498
cam_08 7981 1 1 254 508
cam_08 7977 2 1 835 204
cam_08 8011 2 1 795 203
cam_08 7979 1 1 61 501
cam_08 7984 1 1 420 445
cam_08 8008 2 1 803 226
cam_08 8018 1 1 173 507
cam_08 8078 2 1 810 203
cam_08 8008 1 1 222 478
cam_08 8026 1 2 398 568
cam_08 8094 2 1 847 216
cam_08 8045 2 1 854 207
cam_08 8215 2 1 834 233
cam_08 8067 1 1 166 470
cam_08 8080 2 1 884 224
cam_08 8107 1 1 77 483
cam_08 8154 2 1 836 218
cam_08 8127 1 1 199 488
cam_08 8153 1 4 309 569
cam_08 8136 1 1 302 470
cam_08 8256 2 4 702 178
cam_08 8184 1 1 153 458
cam_08 8197 2 1 859 207
cam_08 8309 2 4 705 163
cam_08 8354 2 4 785 190
cam_08 8340 1 1 226 511
cam_08 8350 1 1 206 428
cam_08 8364 2 2 798 201
cam_08 8379 1 1 123 444
cam_08 8376 1 1 237 479
cam_08 8366 1 1 159 486
cam_08 8394 1 2 464 516
cam_08 8397 1 1 190 492
cam_08 8493 2 4 738 174
cam_08 8391 1 1 135 459
cam_08 8414 1 3 466 525
cam_08 8403 1 1 208 494
cam_08 8441 1 4 274 477
cam_08 8416 1 1 81 462
cam_08 8424 1 1 153 489
cam_08 8434 1 1 118 479
cam_08 8457 1 1 115 483
cam_08 8452 1 1 58 493
cam_08 8469 1 1 123 498
cam_08 8508 1 4 221 520
cam_08 8532 2 1 868 211
cam_08 8536 2 1 893 227
cam_08 8522 1 4 336 472
cam_08 8523 1 1 202 480
cam_08 8550 2 1 853 215
cam_08 8559 2 1 879 207
cam_08 8556 2 1 798 201
cam_08 8530 1 1 214 420
cam_08 8569 2 1 870 210
cam_08 8552 1 1 157 488
cam_08 8541 1 1 242 474
cam_08 8557 2 1 837 200
cam_08 8559 1 1 107 485
cam_08 8582 1 2 420 529
cam_08 8571 1 2 406 544
cam_08 8587 2 1 845 205
cam_08 8600 1 1 167 487
cam_08 8580 1 1 183 479
cam_08 8586 1 1 192 501
cam_08 8671 1 3 80 555
cam_08 8612 1 1 119 466
cam_08 8619 2 1 841 203
cam_08 8621 1 1 105 491
cam_08 8634 2 1 817 204
cam_08 8650 2 1 836 214
cam_08 8660 1 4 413 578
cam_08 8687 1 3 238 560
cam_08 8676 2 4 760 199
cam_08 8658 2 1 862 206
cam_08 8677 2 1 844 215
cam_08 8677 1 1 144 481
cam_08 8696 1 1 120 482
cam_08 8707 1 1 292 514
cam_08 8712 1 4 448 568
cam_08 8697 1 3 454 523
cam_08 8701 2 1 850 215
cam_08 8712 2 1 808 199
cam_08 8700 1 1 152 496
cam_08 8708 1 1 89 497
cam_08 8712 1 1 320 500
cam_08 8707 1 1 215 493
cam_08 8716 1 1 398 480
cam_08 8720 1 1 96 479
cam_08 8764 2 1 814 208
cam_08 8736 1 1 63 482
cam_08 8733 1 1 144 401
cam_08 8741 1 1 342 493
cam_08 8744 1 1 408 503
cam_08 8754 2 1 807 204
cam_08 8759 1 3 455 556
cam_08 8738 1 1 157 481
cam_08 8764 1 1 264 500
cam_08 8751 1 1 177 485
cam_08 8763 1 1 137 477
cam_08 8772 1 1 353 479
cam_08 8769 1 1 199 498
cam_08 8770 1 1 67 486
cam_08 8778 1 1 106 482
cam_08 8805 1 4 347 545
cam_08 8815 2 1 902 227
cam_08 8800 1 1 69 505
cam_08 8804 1 1 220 483
cam_08 8811 1 1 123 493
cam_08 8816 1 1 194 487
cam_08 8820 2 1 888 210
cam_08 8936 2 4 709 172
cam_08 8823 1 1 128 487
cam_08 8853 1 2 490 566
cam_08 8853 1 1 324 417
cam_08 9011 2 4 698 185
cam_08 8872 1 1 129 483
cam_08 8904 2 1 819 235
cam_08 8882 1 1 187 455
cam_08 8898 1 1 64 484
cam_08 8900 2 1 849 205
cam_08 8892 1 1 76 500
cam_08 8937 2 1 799 206
cam_08 8909 1 1 150 497
cam_08 8921 1 1 79 491
cam_08 8904 1 1 138 465
cam_08 8901 1 1 175 481
cam_08 8913 1 1 215 479
cam_08 8930 1 1 99 491
cam_08 8919 1 1 255 503
cam_08 8939 1 1 177 476
cam_08 8953 1 1 431 402
cam_08 8943 1 1 127 452
cam_08 8950 1 1 251 451
cam_08 8955 1 1 211 481
cam_08 8955 1 1 216 414
cam_08 8963 1 1 178 486
cam_08 8973 2 1 784 227
cam_08 8974 1 4 177 507
cam_08 8982 1 1 203 431
cam_08 9020 2 1 809 205
cam_08 9014 1 1 300 481
cam_08 9000 1 1 196 473
cam_08 9009 1 1 150 480
cam_08 9039 1 1 210 402
cam_08 9033 2 1 774 217
cam_08 9104 2 1 848 204
cam_08 9055 1 1 259 518
cam_08 9065 1 1 211 489
cam_08 9079 1 1 161 424
cam_08 9072 2 1 863 208
cam_08 9108 1 1 71 501
cam_08 9115 1 4 464 551
cam_08 9291 2 4 788 165
cam_08 9133 1 4 211 496
cam_08 9162 1 1 163 414
cam_08 9151 1 1 402 413
cam_08 9199 1 4 217 441
cam_08 9207 1 4 485 554
cam_08 9253 1 4 280 462
cam_08 9308 1 1 164 482
cam_08 9304 1 1 326 430
cam_08 9326 1 1 96 482
cam_08 9343 2 1 853 215
cam_08 9319 2 1 862 208
cam_08 9331 1 1 191 493
cam_08 9347 1 1 74 487
cam_08 9333 2 1 874 228
cam_08 9381 1 1 159 465
cam_08 9365 2 1 801 202
cam_08 9354 1 1 110 490
cam_08 9377 1 1 93 488
cam_08 9373 1 2 446 544
cam_08 9369 1 1 97 445
cam_08 9392 2 2 715 198
cam_08 9369 1 1 252 509
cam_08 9404 1 1 133 469
cam_08 9396 2 1 844 216
cam_08 9396 1 1 199 502
cam_08 9429 2 2 718 200
cam_08 9431 2 1 846 209
cam_08 9414 1 1 156 457
cam_08 9422 2 1 847 205
cam_08 9486 2 3 734 195
cam_08 9462 1 1 156 442
cam_08 9475 1 1 67 495
cam_08 9482 1 1 204 491
cam_08 9500 1 1 106 487
cam_08 9468 1 1 217 492
cam_08 9494 2 1 833 209
cam_08 9483 1 4 197 404
cam_08 9506 1 1 226 496
cam_08 9492 1 1 389 448
cam_08 9514 2 1 843 202
cam_08 9520 1 1 196 407
cam_08 9535 1 1 171 422
cam_08 9520 2 1 868 223
cam_08 9533 1 1 232 464
cam_08 9560 1 1 204 489
cam_08 9573 2 2 735 198
cam_08 9588 1 4 215 520
cam_08 9579 2 1 854 234
cam_08 9599 2 1 832 202
cam_08 9595 2 1 809 207
cam_08 9616 1 1 55 480
cam_08 9627 1 1 167 485
cam_08 9636 1 1 184 482
cam_08 9631 1 1 63 480
cam_08 9651 1 4 488 435
cam_08 9657 1 1 145 492
cam_08 9651 1 1 202 478
cam_08 9676 1 2 463 548
cam_08 9666 1 1 199 490
cam_08 9661 1 1 61 465
cam_08 9669 1 1 215 484
cam_08 9668 1 1 110 474
cam_08 9681 1 1 408 507
cam_08 9676 2 3 704 183
cam_08 9662 1 1 160 494
cam_08 9679 1 1 247 427
cam_08 9675 1 1 116 495
cam_08 9694 1 4 439 547
cam_08 9680 1 1 47 478
cam_08 9699 1 1 349 483
cam_08 9696 1 1 173 465
cam_08 9700 2 1 857 217
cam_08 9706 1 2 476 422
cam_08 9714 2 1 835 205
cam_08 9693 1 1 119 499
cam_08 9699 1 4 344 464
cam_08 9716 1 1 97 476
cam_08 9701 1 1 209 497
cam_08 9722 1 2 173 555
cam_08 9711 1 1 131 491
cam_08 9715 1 4 476 539
cam_08 9753 2 4 718 170
cam_08 9743 1 1 167 469
cam_08 9734 1 1 217 477
cam_08 9728 1 1 120 501
cam_08 9739 2 1 865 221
cam_08 9757 1 1 125 489
cam_08 9768 1 1 104 501
cam_08 9777 1 1 340 409
cam_08 9783 2 1 837 223
cam_08 9807 1 1 146 476
cam_08 9781 2 1 898 234
cam_08 9816 2 3 705 202
cam_08 9831 1 1 195 498
cam_08 9846 1 1 97 491
cam_08 9864 1 4 463 428
cam_08 9856 1 1 64 490
cam_08 9851 1 1 220 464
cam_08 9864 1 1 133 465
cam_08 9877 2 1 832 204
cam_08 9871 1 1 115 496
cam_08 9872 1 2 274 524
cam_08 9868 1 4 425 573
cam_08 9890 1 1 244 461
cam_08 9892 2 1 844 223
cam_08 9886 1 1 136 473
cam_08 9897 1 1 46 476
cam_08 9909 1 1 120 505
cam_08 9907 1 1 183 434
cam_08 9895 1 1 84 467
cam_08 9900 1 1 206 444
cam_08 9914 1 1 140 482
cam_08 9910 1 1 290 437
cam_08 9932 1 1 92 491
cam_08 9919 1 1 384 408
cam_08 10188 2 3 792 192
cam_08 9952 1 2 482 409
cam_08 9942 1 1 85 499
cam_08 9955 1 1 130 481
cam_08 9942 1 1 209 467
cam_08 9942 1 1 415 419
cam_08 9955 2 1 871 208
cam_08 9948 1 1 83 486
cam_08 9976 2 1 881 209
cam_08 9969 1 1 141 416
cam_08 9970 1 1 279 422
cam_08 9967 1 4 447 533
cam_08 9996 2 1 912 239
cam_08 9985 1 1 149 433
cam_08 10223 2 3 734 195
cam_08 10020 2 1 882 225
cam_08 10083 1 1 446 523
cam_08 10059 2 4 711 236
cam_08 10080 2 1 907 233
cam_08 10123 1 1 64 494
cam_08 10161 1 4 283 577
cam_08 10183 1 1 119 483
cam_08 10270 1 2 208 440
cam_08 10205 2 1 861 207
cam_08 10215 2 1 875 207
cam_08 10215 1 1 31 474
cam_08 10234 1 1 160 465
cam_08 10253 2 1 851 208
cam_08 10269 2 1 820 206
cam_08 10278 1 1 281 494
cam_08 10281 2 1 832 218
cam_08 10313 1 1 156 467
cam_08 10297 1 1 206 478
cam_08 10297 1 1 328 495
cam_08 10302 1 1 130 476
cam_08 10320 2 4 729 172
cam_08 10318 1 1 174 493
cam_08 10321 1 1 274 499
cam_08 10326 1 1 106 485
cam_08 10330 1 2 467 486
cam_08 10331 1 1 198 490
cam_08 10320 1 1 247 450
cam_08 10341 1 1 99 443
cam_08 10327 1 1 365 404
cam_08 10338 1 1 227 480
cam_08 10350 2 1 675 224
cam_08 10336 1 1 111 481
cam_08 10345 1 1 412 493
cam_08 10341 1 1 183 456
cam_08 10364 1 2 488 566
cam_08 10339 1 1 381 407
cam_08 10362 1 1 50 486
cam_08 10350 1 1 434 426
cam_08 10356 1 1 140 469
cam_08 10356 1 1 253 510
cam_08 10349 1 1 180 470
cam_08 10366 1 1 238 435
cam_08 10366 1 1 93 523
cam_08 10368 1 1 198 485
cam_08 10350 1 1 507 422
cam_08 10374 1 1 269 476
cam_08 10359 1 1 355 445
cam_08 10379 1 1 111 493
cam_08 10386 1 1 115 474
cam_08 10373 1 1 361 507
cam_08 10392 1 1 131 483
cam_08 10403 1 1 296 479
cam_08 10395 1 1 254 497
cam_08 10398 1 1 186 487
cam_08 10387 1 1 274 499
cam_08 10403 1 1 171 483
cam_08 10409 1 1 269 494
cam_08 10402 1 4 456 545
cam_08 10421 2 4 773 196
cam_08 10413 1 1 422 463
cam_08 10439 1 1 267 493
cam_08 10447 1 1 192 424
cam_08 10464 1 1 181 433
cam_08 10450 1 1 234 502
cam_08 10485 1 1 226 441
cam_08 10485 1 1 162 409
cam_08 10487 2 3 800 204
cam_08 10498 1 1 307 486
cam_08 10497 1 1 198 476
cam_08 10500 2 4 745 221
cam_08 10506 1 1 199 475
cam_08 10522 2 2 765 193
cam_08 10498 1 1 430 502
cam_08 10523 1 1 198 496
cam_08 10520 1 1 323 486
cam_08 10524 1 2 467 547
cam_08 10547 2 4 689 200
cam_08 10522 1 1 246 448
cam_08 10519 1 1 355 420
cam_08 10533 1 1 225 504
cam_08 10569 1 2 466 551
cam_08 10540 1 1 221 489
cam_08 10575 2 2 700 196
cam_08 10548 1 1 149 479
cam_08 10547 1 1 323 481
cam_08 10562 1 1 227 479
cam_08 10551 2 2 822 203
cam_08 10567 1 1 358 425
cam_08 10561 1 1 101 476
cam_08 10570 1 1 263 419
cam_08 10604 2 2 698 197
cam_08 10599 1 1 229 411
cam_08 10626 2 2 714 199
cam_08 10601 1 1 289 489
cam_08 10627 2 1 784 205
cam_08 10659 2 4 705 197
cam_08 10665 1 1 262 456
cam_08 10728 2 4 759 153
cam_08 10687 1 1 307 462
cam_08 10706 1 1 261 495
cam_08 10707 1 1 415 481
cam_08 10704 1 1 225 484
cam_08 10702 1 1 150 414
cam_08 10707 1 1 437 423
cam_08 10721 1 1 160 486
cam_08 10715 1 1 309 490
cam_08 10707 1 1 172 431
cam_08 10725 1 1 330 468
cam_08 10716 2 1 849 210
cam_08 10786 1 1 187 503
cam_08 10777 1 1 182 492
cam_08 10782 1 3 466 525
cam_08 10780 1 1 126 436
cam_08 10785 1 1 96 475
cam_08 10791 1 1 198 513
cam_08 10780 2 1 842 204
cam_08 10786 1 1 305 489
cam_08 10794 1 1 272 498
cam_08 10797 2 1 892 207
cam_08 10805 1 1 230 469
cam_08 10839 1 1 61 476
cam_08 10815 1 1 385 493
cam_08 10823 2 1 796 202
cam_08 10815 2 1 809 206
cam_08 10826 1 1 386 511
cam_08 10813 1 1 269 435
cam_08 10806 1 4 72 402
cam_08 10810 1 1 197 503
cam_08 10813 1 1 323 454
cam_08 10825 1 1 403 456
cam_08 10825 1 1 239 438
cam_08 10836 1 1 238 468
cam_08 10838 2 4 834 206
cam_08 10845 2 1 851 218
cam_08 10839 1 1 326 490
cam_08 10857 2 1 850 214
cam_08 10847 2 1 801 196
cam_08 10850 1 4 99 544
cam_08 10915 1 4 217 512
cam_08 10873 1 1 241 484
cam_08 10887 1 1 230 473
cam_08 10885 1 1 261 421
cam_08 10906 2 1 860 221
cam_08 10889 1 1 302 478
cam_08 10892 1 1 188 472
cam_08 10897 1 1 164 408
cam_08 10906 1 1 129 483
cam_08 11169 2 2 704 194
cam_08 10954 1 1 179 402
cam_08 11035 2 1 906 227
cam_08 11058 1 1 170 438
cam_08 11069 1 4 376 562
cam_08 11158 2 1 846 215
cam_08 11172 1 1 196 406
cam_08 11187 2 1 889 199
cam_08 11396 1 1 222 516
cam_08 11192 1 1 175 483
cam_08 11245 2 3 705 158
cam_08 11203 1 1 139 471
cam_08 11221 1 1 56 492
cam_08 11238 1 1 332 496
cam_08 11236 2 1 861 225
cam_08 11235 1 2 234 492
cam_08 11238 1 1 351 450
cam_08 11251 1 1 179 479
cam_08 11261 1 1 303 500
cam_08 11249 1 1 288 480
cam_08 11262 2 1 861 207
cam_08 11252 1 1 273 493
cam_08 11260 1 1 456 490
cam_08 11264 1 1 107 491
cam_08 11269 1 1 371 470
cam_08 11281 1 1 246 416
cam_08 11260 1 1 326 456
cam_08 11292 1 1 209 480
cam_08 11292 1 1 349 470
cam_08 11301 1 1 121 477
cam_08 11302 1 1 337 489
cam_08 11310 1 1 386 505
cam_08 11303 1 1 417 473
cam_08 11310 1 1 504 455
cam_08 11319 1 1 441 470
cam_08 11313 1 1 285 443
cam_08 11359 2 4 714 166
cam_08 11314 1 1 403 413
cam_08 11314 1 1 251 500
cam_08 11331 1 1 210 489
cam_08 11320 1 1 116 505
cam_08 11334 1 1 272 485
cam_08 11326 1 1 152 503
cam_08 11336 1 1 354 488
cam_08 11349 1 1 203 442
cam_08 11358 1 1 259 495
cam_08 11346 1 1 301 435
cam_08 11362 1 1 137 499
cam_08 11368 1 1 196 445
cam_08 11370 2 1 862 212
cam_08 11353 2 1 912 220
cam_08 11379 2 1 834 201
cam_08 11369 1 1 172 484
cam_08 11385 1 1 200 447
cam_08 11370 1 1 315 430
cam_08 11427 1 4 237 551
cam_08 11375 2 1 781 199
cam_08 11392 1 1 257 413
cam_08 11433 2 1 855 205
cam_08 11418 2 1 858 206
cam_08 11441 1 1 98 482
cam_08 11450 2 1 871 203
cam_08 11433 1 1 166 477
cam_08 11452 1 1 96 463
cam_08 11454 1 4 144 404
cam_08 11473 2 1 716 234
cam_08 11500 2 1 855 202
cam_08 11533 1 1 89 477
cam_08 11533 1 1 177 500
cam_08 11533 2 1 751 210
cam_08 11528 2 1 868 206
cam_08 11555 2 1 694 194
cam_08 11572 1 1 228 499
cam_08 11569 1 1 306 430
cam_08 11587 1 4 436 577
cam_08 11565 1 1 141 468
cam_08 11570 2 1 843 206
cam_08 11608 1 3 407 550
cam_08 11591 1 1 171 484
cam_08 11596 2 1 862 205
cam_08 11596 1 1 183 444
cam_08 11598 2 1 804 204
cam_08 11617 1 1 85 478
cam_08 11618 1 1 188 483
cam_08 11614 2 2 737 200
cam_08 11628 1 1 166 495
cam_08 11616 1 1 297 488
cam_08 11629 1 2 337 547
cam_08 11638 1 1 86 452
cam_08 11622 1 1 182 470
cam_08 11632 1 1 210 491
cam_08 11624 1 1 55 484
cam_08 11643 2 1 852 203
cam_08 11644 1 1 301 504
cam_08 11659 2 2 719 197
cam_08 11664 2 1 834 223
cam_08 11663 1 1 103 501
cam_08 11676 1 1 265 513
cam_08 11686 1 1 160 432
cam_08 11693 1 1 281 484
cam_08 11689 1 1 202 489
cam_08 11714 1 4 391 575
cam_08 11703 1 1 103 498
cam_08 11698 1 1 308 491
cam_08 11680 1 1 197 488
cam_08 11688 1 1 98 488
cam_08 11732 1 1 46 494
cam_08 11757 1 1 64 472
cam_08 11759 1 2 409 565
cam_08 11783 2 4 745 160
cam_08 11769 1 1 159 481
cam_08 11775 1 2 478 421
cam_08 11785 1 1 162 482
cam_08 11781 1 1 272 432
cam_08 11779 1 1 115 481
cam_08 11791 1 1 220 450
cam_08 11808 2 2 726 200
cam_08 11829 2 1 724 202
cam_08 11803 1 1 309 472
cam_08 11814 1 1 236 494
cam_08 11850 2 1 676 191
cam_08 11816 1 1 310 491
cam_08 11820 1 1 226 451
cam_08 11829 1 1 223 409
cam_08 11836 1 1 223 498
cam_08 11843 1 1 191 492
cam_08 11879 1 1 253 479
cam_08 11848 1 1 181 501
cam_08 11859 2 1 825 205
cam_08 11855 1 1 232 497
cam_08 11861 1 1 126 496
cam_08 11864 1 1 248 474
cam_08 11861 1 1 364 489
cam_08 11868 1 1 136 492
cam_08 11881 1 3 449 568
cam_08 11878 1 1 119 495
cam_08 11901 1 2 381 572
cam_08 11904 1 1 143 485
cam_08 11895 1 1 208 472
cam_08 11903 1 1 239 497
cam_08 11916 1 1 163 474
cam_08 12140 2 2 702 194
cam_08 11931 1 1 231 483
cam_08 11942 1 1 162 488
cam_08 11961 1 1 41 489
cam_08 11955 2 1 764 203
cam_08 11950 1 1 261 506
cam_08 11941 2 1 836 201
cam_08 11970 2 1 886 215
cam_08 11983 1 1 199 463
cam_08 11997 1 1 242 441
cam_08 12049 2 1 889 212
cam_08 12092 2 1 874 201
cam_08 12194 2 2 714 197
cam_08 12101 2 1 833 203
cam_08 12109 1 1 171 506
cam_08 12227 2 2 749 200
cam_08 12159 2 1 825 203
cam_08 12277 2 2 738 195
cam_08 12184 1 1 301 420
cam_08 12207 1 1 131 455
cam_08 12198 1 1 206 480
cam_08 12241 2 1 755 207
cam_08 12214 1 1 126 494
cam_08 12226 2 1 848 201
cam_08 12245 1 1 122 492
cam_08 12241 1 1 265 508
cam_08 12240 1 1 82 493
cam_08 12246 1 1 227 443
cam_08 12249 2 2 829 201
cam_08 12394 1 2 149 560
cam_08 12237 1 1 338 484
cam_08 12240 1 1 175 492
cam_08 12267 1 2 371 535
cam_08 12286 2 1 868 204
cam_08 12279 1 1 86 479
cam_08 12298 2 1 836 209
cam_08 12300 1 1 141 468
cam_08 12295 1 1 118 481
cam_08 12301 1 4 370 502
cam_08 12316 1 1 188 465
cam_08 12327 2 1 820 199
cam_08 12325 1 1 230 419
cam_08 12309 1 1 306 482
cam_08 12328 1 1 133 507
cam_08 12340 1 1 131 460
cam_08 12347 2 1 789 199
cam_08 12393 2 4 734 160
cam_08 12405 1 1 138 472
cam_08 12412 2 1 835 210
cam_08 12407 1 1 391 501
cam_08 12409 1 1 309 463
cam_08 12420 1 1 313 471
cam_08 12439 1 1 153 496
cam_08 12446 1 1 200 475
cam_08 12447 2 4 709 157
cam_08 12451 1 1 55 478
cam_08 12454 1 1 247 490
cam_08 12460 1 1 116 504
cam_08 12453 1 1 126 468
cam_08 12460 1 1 335 473
cam_08 12463 1 1 259 483
cam_08 12471 1 1 197 461
cam_08 12465 1 1 355 498
cam_08 12473 1 1 299 502
cam_08 12471 1 1 369 493
cam_08 12478 1 1 246 469
cam_08 12477 2 1 757 239
cam_08 12489 1 1 93 477
cam_08 12488 1 1 239 482
cam_08 12487 1 1 144 434
cam_08 12500 2 1 859 201
cam_08 12504 1 1 103 496
cam_08 12493 1 1 259 438
cam_08 12493 2 1 821 214
cam_08 12516 1 4 397 562
cam_08 12502 1 1 253 422
cam_08 12513 1 1 196 488
cam_08 12504 1 1 198 472
cam_08 12524 2 1 870 203
cam_08 12516 1 1 313 445
cam_08 12527 1 1 223 491
cam_08 12547 1 1 109 489
cam_08 12543 1 3 409 563
cam_08 12564 1 1 106 469
cam_08 12555 2 1 808 212
cam_08 12559 1 1 224 494
cam_08 12556 2 1 867 204
cam_08 12574 1 1 119 471
cam_08 12606 1 4 245 556
cam_08 12585 2 1 887 217
cam_08 12581 1 1 110 472
cam_08 12576 1 1 291 470
cam_08 12584 1 1 224 499
cam_08 12590 1 1 209 502
cam_08 12597 1 1 46 504
cam_08 12610 1 1 112 436
cam_08 12610 1 1 180 456
cam_08 12629 1 3 363 562
cam_08 12623 1 1 94 476
cam_08 12630 1 1 222 474
cam_08 12637 1 1 135 439
cam_08 12639 1 1 221 416
cam_08 12649 1 1 191 494
cam_08 12646 2 1 845 206
cam_08 12638 1 1 97 467
cam_08 12646 1 1 112 453
cam_08 12657 1 4 351 575
cam_08 12657 1 1 191 446
cam_08 12655 1 1 268 445
cam_08 12663 1 1 234 471
cam_08 12683 2 2 706 199
cam_08 12662 1 1 327 499
cam_08 12672 1 1 182 482
cam_08 12669 1 1 326 485
cam_08 12682 1 1 238 496
cam_08 12682 1 1 170 433
cam_08 12681 1 1 307 417
cam_08 12682 1 4 444 461
cam_08 12698 2 1 850 206
cam_08 12702 1 1 193 494
cam_08 12696 1 1 158 446
cam_08 12711 1 1 182 467
cam_08 12709 1 1 299 488
cam_08 12725 1 1 187 494
cam_08 12727 1 1 289 503
cam_08 12737 1 1 297 478
cam_08 12741 1 1 173 468
cam_08 12744 1 1 107 445
cam_08 12749 1 1 200 492
cam_08 12758 2 1 858 203
cam_08 12755 1 1 104 489
cam_08 12770 1 1 93 489
cam_08 12762 1 1 110 491
cam_08 12783 1 1 106 452
cam_08 12776 1 1 209 494
cam_08 12790 1 1 156 493
cam_08 12801 1 1 122 482
cam_08 12799 1 1 256 496
cam_08 12822 2 1 850 206
cam_08 12809 1 1 173 476
cam_08 12805 1 1 280 498
cam_08 12818 1 1 104 494
cam_08 12808 1 1 324 504
cam_08 12816 1 1 204 493
cam_08 12818 1 1 274 501
cam_08 12823 1 1 320 411
cam_08 12831 1 1 66 493
cam_08 12840 1 1 116 497
cam_08 12848 1 1 96 475
cam_08 12849 2 1 849 222
cam_08 12838 1 1 222 506
cam_08 12867 1 1 195 492
cam_08 12875 1 1 139 414
cam_08 12876 1 2 393 562
cam_08 12874 1 1 225 430
cam_08 12897 1 1 161 512
cam_08 12903 1 1 223 482
cam_08 12908 1 1 147 476
cam_08 13115 2 2 717 199
cam_08 12926 2 1 763 200
cam_08 12954 2 1 767 205
cam_08 12984 2 1 886 215
cam_08 13003 2 1 856 202
cam_08 13098 2 2 798 201
cam_08 13024 1 4 321 560
cam_08 13013 1 4 204 456
cam_08 13031 1 1 180 496
cam_08 13059 2 1 881 235
cam_08 13030 1 1 229 454
cam_08 13059 1 2 383 510
cam_08 13052 1 4 205 435
cam_08 13119 2 1 852 224
cam_08 13095 1 4 179 450
cam_08 13153 1 1 209 410
cam_08 13154 2 3 750 202
cam_08 13176 2 1 851 207
cam_08 13158 1 1 271 490
cam_08 13168 1 1 263 422
cam_08 13170 2 1 876 230
cam_08 13171 1 1 367 485
cam_08 13180 1 1 189 422
cam_08 13188 1 1 224 493
cam_08 13203 1 1 409 493
cam_08 13207 1 1 260 441
cam_08 13209 1 1 131 451
cam_08 13212 1 1 276 501
cam_08 13210 1 1 445 446
cam_08 13214 2 1 799 208
cam_08 13216 1 1 413 436
cam_08 13228 1 2 434 538
cam_08 13218 1 1 211 479
cam_08 13248 1 1 174 415
cam_08 13264 1 1 118 486
cam_08 13269 1 1 136 492
cam_08 13266 1 1 256 479
cam_08 13266 1 4 403 535
cam_08 13275 1 1 234 513
cam_08 13287 1 4 391 553
cam_08 13299 1 1 153 418
cam_08 13304 1 1 330 506
cam_08 13321 1 1 250 453
cam_08 13347 1 1 196 437
cam_08 13330 2 1 851 217
cam_08 13350 2 2 735 200
cam_08 13359 1 1 298 474
cam_08 13372 1 1 81 492
cam_08 13378 2 1 847 210
cam_08 13374 1 1 235 484
cam_08 13397 1 1 143 485
cam_08 13396 1 1 178 446
cam_08 13381 1 1 250 480
cam_08 13393 1 1 485 445
cam_08 13398 1 1 233 491
cam_08 13401 1 1 419 481
cam_08 13394 1 1 348 479
cam_08 13397 1 1 400 465
cam_08 13393 1 1 372 432
cam_08 13407 1 1 206 514
cam_08 13432 1 1 265 414
cam_08 13444 1 2 454 541
cam_08 13438 1 1 343 483
cam_08 13451 1 1 219 489
cam_08 13458 2 1 845 217
cam_08 13468 1 1 204 440
cam_08 13464 1 1 437 441
cam_08 13478 2 1 808 206
cam_08 13477 1 1 172 427
cam_08 13466 1 1 305 450
cam_08 13476 1 1 311 480
cam_08 13481 1 1 176 502
cam_08 13497 2 2 721 200
cam_08 13493 1 2 355 562
cam_08 13489 1 1 148 474
cam_08 13494 2 1 845 221
cam_08 13500 1 1 268 408
