cam_05 89 2 1 674 174
cam_05 78 1 1 374 471
cam_05 89 1 1 354 565
cam_05 114 1 2 410 519
cam_05 158 2 1 640 141
cam_05 195 2 1 667 -73
cam_05 233 2 1 649 145
cam_05 246 2 1 692 -25
cam_05 259 2 1 681 3
cam_05 281 2 1 664 174
cam_05 290 2 1 634 146
cam_05 336 1 2 168 350
cam_05 357 1 2 371 537
cam_05 356 1 1 22 592
cam_05 411 2 1 677 41
cam_05 417 2 1 620 -98
cam_05 468 2 1 656 -91
cam_05 511 2 1 659 -77
cam_05 695 2 1 672 176
cam_05 744 2 1 727 5
cam_05 748 2 1 710 -31
cam_05 763 2 1 717 -64
cam_05 772 2 1 674 2
cam_05 771 2 1 697 -59
cam_05 783 2 1 664 107
cam_05 1018 2 1 692 5
cam_05 1064 2 1 679 175
cam_05 1064 2 1 648 175
cam_05 1164 2 1 651 -25
cam_05 1176 2 1 663 141
cam_05 1337 2 1 655 211
cam_05 1339 2 1 650 -62
cam_05 1413 1 3 345 593
cam_05 1485 2 1 674 -23
cam_05 1494 2 1 660 -87
cam_05 1512 2 1 679 43
cam_05 1526 2 1 672 141
cam_05 1602 2 1 679 144
cam_05 1674 2 1 690 78
cam_05 1687 2 1 696 -132
cam_05 1737 2 1 613 -28
cam_05 1950 2 1 663 37
cam_05 2038 2 1 680 93
cam_05 2142 2 2 736 -140
cam_05 2222 1 4 325 621
cam_05 2301 2 1 667 -190
cam_05 2350 2 1 684 -65
cam_05 2352 2 1 675 174
cam_05 2388 2 1 721 -1
cam_05 2342 1 1 379 466
cam_05 2404 2 1 682 -117
cam_05 2415 2 1 680 -27
cam_05 2475 2 1 715 3
cam_05 2472 2 1 714 49
cam_05 2499 2 1 686 -145
cam_05 2543 2 1 710 175
cam_05 2520 1 1 317 549
cam_05 2577 2 1 673 -221
cam_05 2589 2 1 700 -20
cam_05 2604 2 1 711 109
cam_05 2669 2 1 666 117
cam_05 2766 2 1 644 -25
cam_05 2802 2 1 664 43
cam_05 2768 1 1 375 525
cam_05 2836 2 1 698 -158
cam_05 3106 2 2 711 47
cam_05 3123 2 2 573 139
cam_05 3108 2 1 690 -44
cam_05 3137 2 2 676 141
cam_05 3146 1 2 373 523
cam_05 3134 1 4 367 522
cam_05 3212 2 1 667 209
cam_05 3263 2 1 663 139
cam_05 3274 2 1 712 -54
cam_05 3285 2 1 688 -84
cam_05 3484 2 1 757 -53
cam_05 3527 2 1 680 179
cam_05 3506 1 2 271 682
cam_05 3537 1 2 366 610
cam_05 3530 1 1 341 484
cam_05 3574 2 2 686 38
cam_05 3584 2 1 662 109
cam_05 3720 2 1 678 71
cam_05 3708 2 1 691 -157
cam_05 3725 2 1 659 146
cam_05 3723 2 1 718 39
cam_05 3828 2 1 713 -57
cam_05 3924 2 1 677 -11
cam_05 3933 1 1 305 551
cam_05 4011 2 1 683 77
cam_05 4026 2 1 744 10
cam_05 4206 2 1 664 -55
cam_05 4225 2 1 748 40
cam_05 4263 2 1 660 -54
cam_05 4278 2 2 661 72
cam_05 4389 2 1 676 8
cam_05 4367 1 1 317 527
cam_05 4405 2 1 690 -232
cam_05 4450 2 1 682 -30
cam_05 4712 2 1 685 109
cam_05 4712 1 3 411 498
cam_05 4701 1 1 360 489
cam_05 4826 2 1 701 177
cam_05 4847 2 1 658 90
cam_05 4899 1 1 407 355
cam_05 5001 2 1 689 -86
cam_05 5044 2 1 689 39
cam_05 5050 2 1 677 -25
cam_05 5240 1 2 392 519
cam_05 5271 1 1 371 441
cam_05 5378 2 2 638 139
cam_05 5402 2 1 663 175
cam_05 5465 2 1 660 115
cam_05 5886 1 1 419 374
cam_05 5889 1 2 239 594
cam_05 5941 2 4 706 -477
cam_05 5969 2 2 642 139
cam_05 5978 2 4 643 167
cam_05 5982 2 1 688 18
cam_05 5983 2 1 646 12
cam_05 5985 2 1 702 -102
cam_05 5991 2 1 637 -194
cam_05 6008 2 1 582 144
cam_05 6009 2 1 667 107
cam_05 6057 2 1 671 46
cam_05 6054 2 2 665 73
cam_05 6097 2 1 713 -30
cam_05 6174 2 1 691 -157
cam_05 6211 2 1 759 -172
cam_05 6245 1 2 284 690
cam_05 6333 2 1 668 -54
cam_05 6464 2 1 664 141
cam_05 6493 2 1 716 42
cam_05 6526 2 1 686 76
cam_05 6592 2 4 701 232
cam_05 6615 2 1 647 21
cam_05 6613 2 1 661 -22
cam_05 6635 2 1 666 142
cam_05 6634 2 1 629 -57
cam_05 6678 2 1 695 -107
cam_05 6697 2 1 713 54
cam_05 6699 2 1 647 -14
cam_05 6788 2 2 648 139
cam_05 6785 2 1 646 -222
cam_05 6826 2 1 679 -3
cam_05 6798 1 2 406 495
cam_05 7055 2 1 645 173
cam_05 7117 2 1 711 62
cam_05 7215 2 1 687 8
cam_05 7233 2 1 646 6
cam_05 7214 1 1 268 605
cam_05 7293 2 1 715 5
cam_05 7571 2 1 693 211
cam_05 7577 1 2 428 479
cam_05 7663 2 1 690 157
cam_05 7882 2 4 671 63
cam_05 7903 2 1 709 -44
cam_05 7905 2 1 647 -54
cam_05 7978 2 1 734 -158
cam_05 8010 2 1 705 -180
cam_05 8112 2 1 678 41
cam_05 8128 2 1 716 71
cam_05 8158 2 1 686 4
cam_05 8216 2 1 687 142
cam_05 8215 2 1 668 -66
cam_05 8221 2 1 666 -144
cam_05 8211 1 1 311 549
cam_05 8318 2 1 676 139
cam_05 8363 2 1 680 171
cam_05 8427 2 1 712 45
cam_05 8491 2 1 676 7
cam_05 8491 2 1 648 -128
cam_05 8578 2 4 748 -267
cam_05 8622 2 1 639 111
cam_05 8692 2 1 722 -160
cam_05 8733 2 1 746 -27
cam_05 8733 2 1 683 9
cam_05 8796 2 1 694 40
cam_05 8853 2 1 669 -23
cam_05 8899 2 1 678 -46
cam_05 8955 2 1 708 74
cam_05 9018 2 1 667 41
cam_05 9029 2 1 658 142
cam_05 9052 2 2 703 46
cam_05 9133 2 1 687 -43
cam_05 9278 2 1 707 139
cam_05 9452 1 4 229 545
cam_05 9452 1 4 424 605
cam_05 9465 1 2 387 625
cam_05 9495 1 2 321 641
cam_05 9520 2 1 641 -216
cam_05 9555 2 1 672 11
cam_05 9582 2 1 706 38
cam_05 9576 2 1 744 -27
cam_05 9591 1 1 393 495
cam_05 9618 2 1 701 -158
cam_05 9591 1 1 375 430
cam_05 9656 2 1 672 174
cam_05 9825 2 1 661 -57
cam_05 9842 2 1 668 142
cam_05 10124 1 2 346 631
cam_05 10137 1 2 468 425
cam_05 10409 2 1 640 141
cam_05 10410 2 1 664 -18
cam_05 10456 2 1 681 -116
cam_05 10485 2 1 566 40
cam_05 10457 1 1 424 381
cam_05 10476 1 2 453 411
cam_05 10527 2 1 708 11
cam_05 10679 1 2 350 544
cam_05 10897 2 1 682 -2
cam_05 10944 2 1 632 -57
cam_05 11102 2 1 642 76
cam_05 11111 2 1 670 175
cam_05 11123 2 1 667 143
cam_05 11249 2 1 711 141
cam_05 11367 1 4 408 461
cam_05 11394 2 1 667 12
cam_05 11439 2 1 656 6
cam_05 11588 2 1 661 173
cam_05 11571 1 2 320 686
cam_05 11644 2 1 714 -60
cam_05 11829 2 1 690 130
cam_05 12068 2 1 710 172
cam_05 12069 2 1 697 192
cam_05 12046 2 2 663 39
cam_05 12066 2 2 722 173
cam_05 12087 2 4 614 90
cam_05 12041 1 1 356 444
cam_05 12103 2 2 685 19
cam_05 12105 2 1 637 0
cam_05 12105 2 1 631 -41
cam_05 12108 2 1 664 -93
cam_05 12123 2 1 680 -118
cam_05 12145 2 4 760 -268
cam_05 12162 2 1 675 105
cam_05 12281 2 1 682 174
cam_05 12487 2 1 707 -23
cam_05 12615 2 4 563 -141
cam_05 12621 2 1 590 -40
cam_05 12656 2 2 673 170
cam_05 12652 2 1 687 -94
cam_05 12744 2 4 732 107
cam_05 12768 2 1 718 -359
cam_05 12792 2 1 681 -25
cam_05 12963 1 3 429 438
cam_05 13086 2 1 680 15
cam_05 13166 2 1 653 108
cam_05 13255 2 4 702 -162
