cam_17 9 1 1 665 531
cam_17 16 3 1 1046 498
cam_17 12 1 1 568 598
cam_17 33 1 2 1120 551
cam_17 31 1 1 494 596
cam_17 30 1 1 653 626
cam_17 18 2 2 710 194
cam_17 13 1 1 523 629
cam_17 6 3 1 1098 521
cam_17 20 1 1 648 575
cam_17 48 1 1 657 611
cam_17 28 2 1 521 188
cam_17 56 1 1 743 584
cam_17 105 1 2 958 599
cam_17 60 2 1 530 178
cam_17 82 1 2 824 618
cam_17 55 2 1 528 185
cam_17 67 2 1 542 184
cam_17 97 1 1 547 595
cam_17 123 1 2 983 589
cam_17 79 3 1 1072 532
cam_17 176 1 2 1015 604
cam_17 134 3 1 1086 519
cam_17 157 1 1 574 611
cam_17 194 1 2 1165 583
cam_17 219 1 2 820 627
cam_17 219 1 2 1091 607
cam_17 217 2 1 546 191
cam_17 231 1 1 544 630
cam_17 323 2 2 690 188
cam_17 260 1 1 516 641
cam_17 264 3 1 1136 513
cam_17 276 3 2 1127 578
cam_17 285 1 2 807 612
cam_17 273 1 1 526 596
cam_17 317 1 2 999 609
cam_17 283 1 1 537 639
cam_17 324 3 1 1098 536
cam_17 321 1 2 791 603
cam_17 357 1 2 1045 609
cam_17 344 1 2 787 620
cam_17 324 1 1 470 595
cam_17 327 1 1 761 565
cam_17 371 1 2 1052 575
cam_17 350 1 1 511 599
cam_17 361 1 1 518 623
cam_17 337 2 1 532 187
cam_17 360 1 1 457 557
cam_17 348 2 1 556 182
cam_17 390 1 2 774 624
cam_17 359 2 1 511 191
cam_17 396 1 1 537 625
cam_17 385 2 1 524 189
cam_17 382 2 1 551 186
cam_17 467 2 2 686 184
cam_17 424 1 1 591 624
cam_17 415 3 1 1026 537
cam_17 414 2 1 518 179
cam_17 423 2 2 566 187
cam_17 452 1 1 671 630
cam_17 423 3 1 495 549
cam_17 439 3 1 1094 530
cam_17 451 1 1 607 583
cam_17 488 1 2 1074 593
cam_17 472 1 1 665 593
cam_17 501 1 1 608 602
cam_17 500 1 2 1011 606
cam_17 501 1 1 643 634
cam_17 478 1 1 565 637
cam_17 487 1 1 551 602
cam_17 489 1 1 740 608
cam_17 523 2 1 547 185
cam_17 534 2 1 543 182
cam_17 549 2 1 545 185
cam_17 572 1 1 512 616
cam_17 553 2 1 525 181
cam_17 569 1 1 623 588
cam_17 594 1 2 919 599
cam_17 588 3 1 1122 531
cam_17 612 1 2 825 627
cam_17 595 2 1 516 185
cam_17 609 2 1 536 183
cam_17 586 2 1 532 181
cam_17 612 3 1 1118 516
cam_17 622 2 1 520 177
cam_17 645 2 1 527 182
cam_17 649 1 1 615 564
cam_17 672 1 2 975 587
cam_17 630 2 1 540 187
cam_17 687 1 2 811 607
cam_17 692 1 2 1094 562
cam_17 721 2 2 682 182
cam_17 691 1 1 506 604
cam_17 708 3 1 1055 533
cam_17 755 1 1 562 637
cam_17 715 3 1 473 622
cam_17 735 2 1 547 181
cam_17 794 1 1 576 620
cam_17 779 3 2 1141 593
cam_17 777 1 1 680 628
cam_17 762 2 1 517 183
cam_17 832 3 2 1148 582
cam_17 851 1 2 961 614
cam_17 808 1 1 676 617
cam_17 848 1 2 748 632
cam_17 864 1 2 671 620
cam_17 841 3 1 1138 519
cam_17 858 3 1 1090 548
cam_17 877 1 1 533 625
cam_17 903 1 2 809 597
cam_17 901 1 1 486 641
cam_17 882 1 2 1061 604
cam_17 937 2 2 583 175
cam_17 909 2 1 483 174
cam_17 968 1 2 1036 606
cam_17 957 2 2 700 186
cam_17 986 1 1 650 632
cam_17 978 1 1 542 637
cam_17 969 2 1 628 189
cam_17 966 1 1 553 597
cam_17 994 1 1 516 642
cam_17 997 1 1 573 588
cam_17 1030 1 2 1031 605
cam_17 1035 1 2 783 615
cam_17 1011 1 1 781 608
cam_17 1006 1 1 559 619
cam_17 1027 1 1 546 619
cam_17 1049 1 1 513 600
cam_17 1039 2 1 542 186
cam_17 1071 3 1 898 582
cam_17 1085 1 1 565 594
cam_17 1096 1 1 564 599
cam_17 1098 3 1 1158 531
cam_17 1092 2 1 555 185
cam_17 1103 3 1 1060 559
cam_17 1130 1 2 1013 581
cam_17 1137 3 1 1091 532
cam_17 1124 1 1 515 598
cam_17 1185 3 2 1170 582
cam_17 1146 3 1 962 566
cam_17 1201 2 2 528 179
cam_17 1218 1 1 544 594
cam_17 1230 2 1 550 182
cam_17 1238 1 1 551 613
cam_17 1230 1 1 525 543
cam_17 1265 1 1 582 616
cam_17 1283 1 1 578 627
cam_17 1299 1 1 564 608
cam_17 1323 2 1 552 200
cam_17 1290 2 1 528 180
cam_17 1323 3 1 944 563
cam_17 1361 1 2 953 594
cam_17 1300 2 1 548 184
cam_17 1365 2 1 529 179
cam_17 1386 1 2 846 612
cam_17 1428 1 3 1124 561
cam_17 1395 3 1 1117 537
cam_17 1437 3 1 993 554
cam_17 1464 3 1 924 572
cam_17 1447 3 1 1065 545
cam_17 1481 1 1 568 613
cam_17 1455 3 1 1058 538
cam_17 1485 2 1 519 183
cam_17 1500 1 1 598 627
cam_17 1479 2 1 538 180
cam_17 1510 1 1 654 619
cam_17 1529 1 2 1047 610
cam_17 1518 3 1 1086 525
cam_17 1499 2 1 534 186
cam_17 1544 3 1 1038 543
cam_17 1545 1 1 572 579
cam_17 1568 1 1 551 604
cam_17 1566 2 1 531 183
cam_17 1616 1 2 1152 555
cam_17 1578 2 2 539 181
cam_17 1594 1 1 553 571
cam_17 1614 1 2 1010 605
cam_17 1605 1 1 587 599
cam_17 1653 1 3 1137 533
cam_17 1717 2 2 682 185
cam_17 1662 3 1 938 554
cam_17 1674 2 1 528 187
cam_17 1689 3 1 1009 551
cam_17 1713 2 1 557 185
cam_17 1704 1 1 504 553
cam_17 1717 2 1 519 184
cam_17 1719 3 1 1080 544
cam_17 1740 2 1 526 185
cam_17 1769 1 2 989 608
cam_17 1728 2 1 545 181
cam_17 1786 1 1 554 638
cam_17 1798 3 1 1120 542
cam_17 1806 3 1 986 542
cam_17 1810 2 1 550 185
cam_17 1844 1 1 593 619
cam_17 1837 2 1 526 184
cam_17 1912 2 2 695 190
cam_17 1851 1 1 598 624
cam_17 1896 1 1 641 588
cam_17 1906 2 2 549 184
cam_17 1916 1 2 960 597
cam_17 1874 1 1 695 609
cam_17 1890 1 1 585 601
cam_17 1883 1 1 712 607
cam_17 1922 1 1 467 600
cam_17 1965 3 4 1192 586
cam_17 1933 2 1 528 186
cam_17 1997 1 2 966 609
cam_17 1956 2 1 544 186
cam_17 1982 3 1 1091 534
cam_17 1968 3 1 1042 563
cam_17 2044 3 4 1153 524
cam_17 1992 2 1 642 187
cam_17 2072 1 2 982 612
cam_17 2030 3 1 701 611
cam_17 2052 1 1 534 618
cam_17 2055 1 1 654 588
cam_17 2072 1 1 559 621
cam_17 2048 3 1 909 567
cam_17 2085 1 1 563 626
cam_17 2082 1 1 615 562
cam_17 2101 2 1 548 184
cam_17 2112 2 1 529 186
cam_17 2141 1 1 532 605
cam_17 2154 1 2 975 612
cam_17 2133 2 1 510 179
cam_17 2173 3 2 961 612
cam_17 2178 3 1 1078 531
cam_17 2142 2 1 538 182
cam_17 2154 2 1 545 188
cam_17 2203 1 2 1003 611
cam_17 2176 2 1 524 183
cam_17 2211 1 2 788 609
cam_17 2228 1 2 1004 609
cam_17 2246 1 2 1006 614
cam_17 2196 2 1 506 188
cam_17 2231 3 1 1112 518
cam_17 2209 2 1 507 184
cam_17 2267 1 2 810 613
cam_17 2244 2 1 516 184
cam_17 2238 2 1 520 180
cam_17 2324 1 2 785 625
cam_17 2328 1 3 1206 595
cam_17 2289 2 1 542 183
cam_17 2329 1 1 522 633
cam_17 2353 1 1 572 628
cam_17 2332 2 1 527 190
cam_17 2337 1 1 560 624
cam_17 2415 1 2 846 608
cam_17 2441 1 1 490 621
cam_17 2424 2 1 537 179
cam_17 2443 1 1 620 619
cam_17 2432 1 1 713 592
cam_17 2471 1 2 1069 556
cam_17 2467 2 1 546 181
cam_17 2461 2 1 546 183
cam_17 2488 2 2 527 183
cam_17 2527 1 3 1159 572
cam_17 2502 1 1 485 610
cam_17 2545 1 2 999 605
cam_17 2558 1 2 812 605
cam_17 2529 2 1 492 180
cam_17 2524 2 1 536 183
cam_17 2600 2 2 684 187
cam_17 2544 2 1 544 184
cam_17 2547 2 1 524 182
cam_17 2577 1 1 603 583
cam_17 2609 3 2 1143 584
cam_17 2650 1 2 1086 599
cam_17 2607 1 1 584 637
cam_17 2619 3 1 1021 557
cam_17 2637 1 1 662 621
cam_17 2625 3 1 917 569
cam_17 2640 1 1 800 601
cam_17 2641 2 1 550 185
cam_17 2626 2 1 579 184
cam_17 2647 1 1 669 614
cam_17 2656 3 1 1098 536
cam_17 2663 1 1 540 598
cam_17 2675 1 1 529 596
cam_17 2666 3 1 1060 527
cam_17 2658 2 1 556 185
cam_17 2671 1 1 530 610
cam_17 2683 1 1 584 590
cam_17 2699 1 2 965 612
cam_17 2727 1 2 983 600
cam_17 2688 2 1 518 182
cam_17 2729 1 1 693 610
cam_17 2735 1 1 664 596
cam_17 2755 1 2 1038 601
cam_17 2744 1 1 616 599
cam_17 2778 1 2 1137 594
cam_17 2748 1 1 671 539
cam_17 2733 1 1 719 530
cam_17 2746 2 1 536 183
cam_17 2817 2 2 682 185
cam_17 2804 1 1 521 637
cam_17 2773 1 1 697 586
cam_17 2809 2 1 519 182
cam_17 2801 1 1 643 623
cam_17 2858 3 2 1133 563
cam_17 2817 2 1 506 187
cam_17 2869 1 2 756 632
cam_17 2838 2 1 519 183
cam_17 2867 3 1 1082 533
cam_17 2897 2 1 537 184
cam_17 2869 2 1 539 185
cam_17 2875 3 1 1000 495
cam_17 2892 2 1 558 179
cam_17 2898 1 1 532 566
cam_17 2924 3 1 1037 549
cam_17 2966 3 1 951 555
cam_17 2988 2 1 541 185
cam_17 3065 2 2 696 182
cam_17 3011 3 1 1010 529
cam_17 3020 3 1 1047 553
cam_17 3042 1 2 938 591
cam_17 3035 1 1 521 638
cam_17 3099 2 4 690 169
cam_17 3071 3 1 1090 528
cam_17 3073 1 1 569 628
cam_17 3082 1 1 699 621
cam_17 3077 3 1 1045 532
cam_17 3098 1 1 518 617
cam_17 3091 2 1 548 191
cam_17 3111 3 1 1056 534
cam_17 3097 1 1 686 630
cam_17 3102 1 1 607 598
cam_17 3135 1 2 984 608
cam_17 3121 1 1 482 602
cam_17 3143 3 1 1045 538
cam_17 3142 2 1 542 183
cam_17 3151 2 1 540 180
cam_17 3159 1 1 605 633
cam_17 3197 1 2 1020 609
cam_17 3216 1 2 1039 591
cam_17 3185 1 1 498 636
cam_17 3209 1 1 574 638
cam_17 3177 3 1 1078 512
cam_17 3195 2 1 532 184
cam_17 3270 1 2 1187 576
cam_17 3234 2 1 516 179
cam_17 3275 1 2 988 615
cam_17 3213 2 1 526 185
cam_17 3226 3 1 1017 548
cam_17 3240 3 1 1047 527
cam_17 3228 2 1 540 185
cam_17 3268 1 1 522 636
cam_17 3266 1 1 704 625
cam_17 3264 1 1 608 615
cam_17 3273 1 1 521 546
cam_17 3280 2 1 534 182
cam_17 3285 1 1 608 604
cam_17 3295 3 1 1000 555
cam_17 3312 1 1 540 554
cam_17 3295 2 1 520 181
cam_17 3318 3 1 1035 545
cam_17 3326 1 1 706 578
cam_17 3347 3 2 1106 571
cam_17 3363 1 2 857 612
cam_17 3362 1 1 564 620
cam_17 3366 1 1 494 577
cam_17 3383 1 2 1047 601
cam_17 3375 1 1 497 587
cam_17 3368 1 1 670 587
cam_17 3461 1 2 1098 571
cam_17 3444 1 2 767 604
cam_17 3421 2 1 539 181
cam_17 3529 1 2 992 586
cam_17 3486 3 4 1110 601
cam_17 3519 1 1 516 619
cam_17 3504 1 4 1197 585
cam_17 3510 3 1 1134 514
cam_17 3547 1 1 491 575
cam_17 3546 2 1 537 178
cam_17 3562 1 1 547 600
cam_17 3578 1 1 557 621
cam_17 3577 1 1 710 611
cam_17 3589 3 1 1095 536
cam_17 3595 3 1 1048 545
cam_17 3641 1 2 1113 574
cam_17 3673 1 2 1005 605
cam_17 3640 1 1 505 599
cam_17 3624 1 1 465 577
cam_17 3690 1 2 1065 577
cam_17 3662 3 1 1060 535
cam_17 3675 1 1 526 594
cam_17 3686 1 1 575 640
cam_17 3714 1 2 995 592
cam_17 3785 1 2 762 616
cam_17 3733 1 2 1045 609
cam_17 3710 1 1 520 621
cam_17 3703 3 4 1156 575
cam_17 3721 1 1 523 642
cam_17 3729 1 1 590 622
cam_17 3741 1 2 1126 548
cam_17 3751 1 1 624 622
cam_17 3800 1 2 1026 610
cam_17 3724 2 1 526 189
cam_17 3821 1 2 1105 592
cam_17 3738 2 1 546 187
cam_17 3819 1 2 807 627
cam_17 3766 2 1 555 181
cam_17 3831 2 1 553 179
cam_17 3867 3 1 1009 558
cam_17 3912 1 4 1119 542
cam_17 3919 1 2 785 627
cam_17 3956 1 2 1000 577
cam_17 3927 1 1 537 630
cam_17 3900 2 1 532 179
cam_17 3937 1 1 553 574
cam_17 3918 3 1 1065 529
cam_17 3952 1 1 490 588
cam_17 3937 2 1 537 185
cam_17 3963 2 2 559 184
cam_17 4027 1 2 1082 603
cam_17 3991 1 1 565 639
cam_17 3972 2 1 538 181
cam_17 3967 2 1 570 187
cam_17 3985 3 1 1064 537
cam_17 3978 2 1 528 192
cam_17 4004 1 1 507 610
cam_17 4000 1 1 541 592
cam_17 4002 2 1 548 186
cam_17 4050 1 2 931 602
cam_17 4036 1 1 513 614
cam_17 4026 2 1 535 185
cam_17 4014 2 1 517 185
cam_17 4036 1 1 643 579
cam_17 4089 1 1 598 588
cam_17 4087 1 1 461 583
cam_17 4099 1 2 1110 598
cam_17 4100 1 1 552 631
cam_17 4083 2 1 533 179
cam_17 4107 1 2 1022 601
cam_17 4107 1 1 604 613
cam_17 4147 1 2 1167 572
cam_17 4113 1 1 583 538
cam_17 4093 2 1 520 176
cam_17 4125 1 1 488 563
cam_17 4155 1 2 955 591
cam_17 4110 3 1 1171 516
cam_17 4150 1 1 499 574
cam_17 4182 1 2 941 588
cam_17 4171 3 1 1097 535
cam_17 4248 2 2 683 182
cam_17 4159 3 1 1172 523
cam_17 4179 3 1 1151 523
cam_17 4190 3 1 1071 523
cam_17 4200 3 1 986 555
cam_17 4227 1 2 888 589
cam_17 4220 1 1 518 601
cam_17 4237 1 1 573 629
cam_17 4243 2 1 546 177
cam_17 4246 3 1 1027 564
cam_17 4252 3 1 1044 544
cam_17 4273 1 1 649 623
cam_17 4252 3 1 963 529
cam_17 4288 1 1 723 607
cam_17 4296 1 1 560 628
cam_17 4287 1 1 631 538
cam_17 4323 1 2 906 594
cam_17 4373 1 2 883 606
cam_17 4395 1 2 939 616
cam_17 4400 3 1 1066 541
cam_17 4421 1 1 526 646
cam_17 4400 1 1 579 638
cam_17 4422 3 1 1032 553
cam_17 4427 1 1 530 606
cam_17 4494 1 2 942 597
cam_17 4455 3 1 1011 554
cam_17 4468 1 1 565 638
cam_17 4493 3 1 1119 520
cam_17 4467 2 1 518 184
cam_17 4518 1 2 920 611
cam_17 4533 1 2 1124 602
cam_17 4500 2 1 530 183
cam_17 4512 2 1 523 177
cam_17 4557 1 2 1045 599
cam_17 4530 2 1 519 189
cam_17 4568 3 1 978 537
cam_17 4572 2 1 645 184
cam_17 4569 2 1 532 183
cam_17 4606 1 2 1076 612
cam_17 4599 2 1 540 180
cam_17 4625 1 2 706 619
cam_17 4626 1 2 1127 583
cam_17 4633 2 1 533 181
cam_17 4654 1 2 743 635
cam_17 4654 1 2 1007 591
cam_17 4671 1 1 542 624
cam_17 4657 2 1 541 181
cam_17 4668 2 1 535 179
cam_17 4721 1 2 760 629
cam_17 4721 3 1 1029 558
cam_17 4778 1 2 675 632
cam_17 4779 1 2 1123 592
cam_17 4761 1 1 1160 582
cam_17 4776 1 2 950 605
cam_17 4813 2 3 479 164
cam_17 4797 1 1 530 591
cam_17 4839 2 1 507 184
cam_17 4816 2 4 582 171
cam_17 4900 2 2 683 186
cam_17 4827 2 4 656 176
cam_17 4926 2 2 673 181
cam_17 4881 1 2 1039 605
cam_17 4867 1 1 510 578
cam_17 4876 1 1 526 635
cam_17 4876 1 1 704 605
cam_17 4899 1 1 512 636
cam_17 4963 2 2 683 179
cam_17 4964 1 2 1025 604
cam_17 4954 1 2 745 624
cam_17 4935 3 2 1151 578
cam_17 4979 1 2 993 613
cam_17 4962 2 1 524 184
cam_17 5010 3 2 1167 555
cam_17 5012 1 2 904 601
cam_17 4998 1 1 572 633
cam_17 5077 1 2 624 642
cam_17 5047 3 1 1034 547
cam_17 5017 1 1 562 626
cam_17 5058 2 2 689 188
cam_17 5037 3 1 1060 522
cam_17 5041 1 1 640 566
cam_17 5061 2 1 553 181
cam_17 5047 1 1 641 527
cam_17 5103 1 1 710 609
cam_17 5070 2 1 523 184
cam_17 5127 1 1 694 588
cam_17 5138 1 1 781 599
cam_17 5121 2 1 516 186
cam_17 5152 1 2 1067 602
cam_17 5137 1 1 711 544
cam_17 5214 1 2 793 623
cam_17 5154 1 1 674 613
cam_17 5189 1 2 1065 603
cam_17 5157 3 1 897 571
cam_17 5205 1 1 503 610
cam_17 5220 3 1 1031 554
cam_17 5228 3 1 957 572
cam_17 5241 1 1 644 613
cam_17 5245 1 2 997 583
cam_17 5261 2 2 521 190
cam_17 5264 1 1 600 631
cam_17 5258 1 1 669 615
cam_17 5263 2 1 531 191
cam_17 5306 1 2 983 614
cam_17 5328 1 1 735 601
cam_17 5316 1 1 519 593
cam_17 5289 2 1 558 183
cam_17 5277 2 1 526 183
cam_17 5333 1 2 1012 610
cam_17 5355 2 2 678 184
cam_17 5331 1 1 613 622
cam_17 5322 2 1 549 182
cam_17 5315 1 1 740 618
cam_17 5441 1 1 583 626
cam_17 5428 2 1 546 208
cam_17 5376 2 2 615 187
cam_17 5385 1 2 983 606
cam_17 5379 1 1 563 598
cam_17 5426 3 2 1164 558
cam_17 5344 3 1 762 586
cam_17 5389 1 1 583 600
cam_17 5369 1 1 570 635
cam_17 5392 1 1 831 591
cam_17 5393 1 1 677 598
cam_17 5397 1 1 597 612
cam_17 5405 1 1 758 611
cam_17 5451 1 2 946 616
cam_17 5415 2 1 543 187
cam_17 5406 2 1 526 182
cam_17 5458 1 1 747 618
cam_17 5474 1 2 961 595
cam_17 5475 3 1 1119 522
cam_17 5442 2 1 529 188
cam_17 5460 2 1 551 185
cam_17 5449 2 1 523 182
cam_17 5488 1 1 660 567
cam_17 5476 1 1 657 561
cam_17 5532 1 2 960 607
cam_17 5496 1 2 1144 584
cam_17 5500 2 1 554 186
cam_17 5511 2 1 533 183
cam_17 5542 1 2 967 605
cam_17 5568 1 2 1047 606
cam_17 5530 2 1 540 184
cam_17 5536 2 1 515 184
cam_17 5567 1 1 512 600
cam_17 5606 1 2 1073 584
cam_17 5539 2 1 542 182
cam_17 5625 1 2 1030 593
cam_17 5667 1 1 997 563
cam_17 5708 2 2 684 184
cam_17 5667 1 1 497 583
cam_17 5733 1 1 589 610
cam_17 5709 3 1 982 556
cam_17 5706 2 1 552 185
cam_17 5736 2 1 559 180
cam_17 5787 2 2 670 185
cam_17 5743 2 1 488 179
cam_17 5762 1 2 1026 592
cam_17 5788 1 2 933 611
cam_17 5746 2 1 630 182
cam_17 5789 1 1 515 635
cam_17 5796 1 1 519 603
cam_17 5781 2 1 529 191
cam_17 5810 1 2 1028 607
cam_17 5824 2 2 531 185
cam_17 5842 2 1 532 179
cam_17 5836 2 1 519 190
cam_17 5874 1 1 699 618
cam_17 5977 1 4 1199 583
cam_17 5895 3 1 1051 521
cam_17 5922 3 2 1097 594
cam_17 5919 3 1 801 595
cam_17 5941 1 1 580 631
cam_17 5928 1 1 620 605
cam_17 5997 2 3 532 166
cam_17 5946 1 1 651 611
cam_17 6004 1 1 571 565
cam_17 6003 1 1 724 544
cam_17 6033 1 3 1155 578
cam_17 6053 1 2 954 608
cam_17 6101 1 1 540 638
cam_17 6075 1 1 770 555
cam_17 6091 1 2 1005 607
cam_17 6120 2 1 545 201
cam_17 6065 3 2 1172 555
cam_17 6113 1 2 1148 587
cam_17 6084 1 1 623 615
cam_17 6112 1 2 1065 545
cam_17 6106 2 1 553 185
cam_17 6115 2 1 564 182
cam_17 6124 3 1 1076 541
cam_17 6141 1 1 663 590
cam_17 6150 1 2 977 581
cam_17 6153 1 1 633 561
cam_17 6135 2 1 533 185
cam_17 6166 1 1 742 589
cam_17 6175 2 1 543 183
cam_17 6162 2 1 561 186
cam_17 6199 1 2 1018 606
cam_17 6248 1 1 666 629
cam_17 6208 2 1 512 186
cam_17 6255 1 2 932 607
cam_17 6286 3 1 1147 539
cam_17 6276 1 2 1012 584
cam_17 6262 1 1 652 628
cam_17 6279 2 1 554 188
cam_17 6306 1 1 691 625
cam_17 6312 1 1 622 607
cam_17 6325 2 1 545 181
cam_17 6337 1 2 1035 602
cam_17 6328 1 1 736 583
cam_17 6342 1 1 582 549
cam_17 6347 2 1 529 180
cam_17 6358 1 1 595 582
cam_17 6349 2 1 528 181
cam_17 6387 1 2 1115 565
cam_17 6367 1 1 661 607
cam_17 6339 2 1 528 186
cam_17 6380 1 1 639 631
cam_17 6413 1 2 1114 599
cam_17 6370 1 1 737 549
cam_17 6417 2 2 616 175
cam_17 6423 2 1 527 186
cam_17 6443 1 2 888 602
cam_17 6433 2 1 546 182
cam_17 6445 1 1 636 631
cam_17 6425 3 1 668 601
cam_17 6455 1 2 1058 579
cam_17 6469 2 1 549 187
cam_17 6489 1 4 1162 584
cam_17 6488 1 1 684 613
cam_17 6521 1 2 957 605
cam_17 6483 2 1 517 182
cam_17 6554 1 2 976 605
cam_17 6585 1 1 582 630
cam_17 6540 1 1 655 581
cam_17 6565 1 1 652 620
cam_17 6553 2 1 583 178
cam_17 6576 2 1 557 186
cam_17 6590 1 1 722 606
cam_17 6598 2 1 518 180
cam_17 6594 2 1 543 185
cam_17 6696 2 1 525 201
cam_17 6652 2 1 494 181
cam_17 6664 1 1 720 566
cam_17 6637 2 1 540 185
cam_17 6675 1 1 682 599
cam_17 6680 1 1 505 606
cam_17 6680 1 1 813 603
cam_17 6663 2 1 539 184
cam_17 6686 3 1 1076 553
cam_17 6702 1 1 552 606
cam_17 6688 2 2 519 188
cam_17 6705 1 1 703 590
cam_17 6743 1 2 843 614
cam_17 6741 2 1 555 187
cam_17 6757 1 1 653 615
cam_17 6776 1 1 616 631
cam_17 6783 1 2 998 587
cam_17 6763 1 1 567 620
cam_17 6797 1 2 936 605
cam_17 6751 1 1 678 523
cam_17 6806 1 2 1172 580
cam_17 6767 1 1 627 593
cam_17 6817 1 2 879 622
cam_17 6825 3 1 1145 507
cam_17 6838 1 2 1040 606
cam_17 6786 2 1 503 181
cam_17 6844 1 2 1184 557
cam_17 6824 1 1 644 593
cam_17 6829 1 1 572 580
cam_17 6808 2 1 547 184
cam_17 6891 1 2 833 622
cam_17 6849 3 1 544 579
cam_17 6883 1 1 491 551
cam_17 6892 1 1 457 590
cam_17 6899 3 1 1032 541
cam_17 6952 1 2 1173 563
cam_17 6922 1 1 583 629
cam_17 6951 1 2 1023 596
cam_17 6910 2 1 533 186
cam_17 6930 1 1 604 628
cam_17 6929 1 1 718 579
cam_17 6963 1 2 966 598
cam_17 6946 2 1 534 188
cam_17 6992 1 2 990 579
cam_17 6975 1 2 886 594
cam_17 7008 1 2 900 621
cam_17 6991 1 1 534 624
cam_17 7024 1 2 1142 539
cam_17 7059 1 3 904 617
cam_17 7026 1 1 494 587
cam_17 7024 1 1 705 622
cam_17 7073 1 2 1102 571
cam_17 7087 3 1 1076 538
cam_17 7095 1 1 616 545
cam_17 7065 2 1 549 184
cam_17 7095 1 1 680 600
cam_17 7084 2 1 517 179
cam_17 7104 2 1 552 183
cam_17 7138 2 1 546 204
cam_17 7116 2 1 544 183
cam_17 7150 1 1 604 623
cam_17 7112 2 1 528 183
cam_17 7119 2 1 610 185
cam_17 7149 1 1 700 595
cam_17 7131 2 1 518 189
cam_17 7165 2 1 556 185
cam_17 7167 3 1 1064 525
cam_17 7196 1 2 989 612
cam_17 7195 2 1 533 183
cam_17 7244 2 2 682 184
cam_17 7255 1 2 985 602
cam_17 7229 3 1 1094 533
cam_17 7261 1 1 1191 502
cam_17 7260 1 2 797 629
cam_17 7251 3 1 1090 518
cam_17 7259 3 1 1077 532
cam_17 7298 1 2 1028 592
cam_17 7281 1 1 579 618
cam_17 7282 2 2 682 186
cam_17 7327 1 2 1043 596
cam_17 7301 2 1 645 185
cam_17 7329 1 1 554 595
cam_17 7342 1 2 941 617
cam_17 7318 2 1 484 174
cam_17 7355 1 2 1107 582
cam_17 7402 2 2 681 183
cam_17 7368 1 1 607 589
cam_17 7369 1 1 525 615
cam_17 7377 1 1 479 577
cam_17 7376 1 2 918 602
cam_17 7392 1 1 534 610
cam_17 7426 3 4 1201 544
cam_17 7404 1 2 935 582
cam_17 7387 2 1 548 186
cam_17 7419 1 2 914 602
cam_17 7466 2 2 657 180
cam_17 7432 1 2 836 620
cam_17 7455 1 2 842 620
cam_17 7463 1 2 1122 563
cam_17 7453 1 1 545 645
cam_17 7435 1 1 547 615
cam_17 7434 2 1 614 185
cam_17 7464 1 1 529 604
cam_17 7490 1 2 1073 595
cam_17 7465 2 1 537 187
cam_17 7449 2 1 516 185
cam_17 7503 1 2 740 634
cam_17 7515 1 2 861 609
cam_17 7501 2 1 551 178
cam_17 7542 1 3 1149 532
cam_17 7558 2 2 548 180
cam_17 7566 1 1 509 599
cam_17 7544 2 2 676 181
cam_17 7564 3 2 1122 596
cam_17 7601 2 2 694 173
cam_17 7632 1 2 1039 605
cam_17 7605 2 1 522 187
cam_17 7632 1 1 527 580
cam_17 7626 1 1 528 596
cam_17 7687 3 2 1192 571
cam_17 7612 1 1 489 560
cam_17 7690 1 2 858 619
cam_17 7665 1 1 503 600
cam_17 7680 1 1 523 628
cam_17 7689 1 1 475 575
cam_17 7713 1 2 1141 523
cam_17 7703 1 1 674 627
cam_17 7739 1 2 1010 606
cam_17 7752 1 2 1172 547
cam_17 7751 1 2 813 612
cam_17 7779 3 1 726 617
cam_17 7732 1 1 621 572
cam_17 7767 3 1 1039 534
cam_17 7758 1 1 505 595
cam_17 7775 3 1 867 564
cam_17 7793 3 1 981 551
cam_17 7820 1 2 1006 594
cam_17 7784 3 1 1013 560
cam_17 7773 3 1 1016 544
cam_17 7779 3 1 1063 522
cam_17 7829 1 2 1108 578
cam_17 7821 2 4 642 172
cam_17 7845 1 2 767 617
cam_17 7843 3 1 1060 541
cam_17 7886 1 2 953 602
cam_17 7893 1 1 570 629
cam_17 7923 2 2 589 185
cam_17 7881 2 1 545 189
cam_17 7914 1 1 538 607
cam_17 7917 1 1 490 622
cam_17 7887 2 1 543 177
cam_17 7971 2 2 683 185
cam_17 7947 1 2 951 596
cam_17 7994 3 2 1174 587
cam_17 7975 1 1 553 569
cam_17 7987 1 2 823 623
cam_17 7968 2 1 517 183
cam_17 7999 1 1 521 623
cam_17 7998 1 2 923 605
cam_17 7998 3 1 1049 534
cam_17 8018 1 2 935 610
cam_17 8014 1 1 532 615
cam_17 8034 1 2 1142 592
cam_17 8037 2 1 529 177
cam_17 8020 2 1 499 180
cam_17 8041 3 1 1087 529
cam_17 8020 2 1 543 183
cam_17 8062 3 1 1024 559
cam_17 8086 1 2 869 554
cam_17 8082 1 1 627 604
cam_17 8049 3 1 1061 539
cam_17 8091 1 1 548 629
cam_17 8043 2 1 512 187
cam_17 8049 2 2 530 185
cam_17 8097 1 1 524 602
cam_17 8115 1 2 1063 583
cam_17 8083 2 1 529 187
cam_17 8126 1 2 979 594
cam_17 8096 3 1 1026 556
cam_17 8144 1 1 625 617
cam_17 8167 2 1 562 178
cam_17 8223 2 2 684 182
cam_17 8151 2 1 555 190
cam_17 8220 3 2 1150 588
cam_17 8208 1 1 534 608
cam_17 8192 3 1 1075 543
cam_17 8270 1 2 955 607
cam_17 8253 1 2 848 601
cam_17 8217 2 1 549 183
cam_17 8283 1 2 803 612
cam_17 8317 1 2 1104 607
cam_17 8297 1 1 523 599
cam_17 8346 1 2 1086 548
cam_17 8304 1 1 579 607
cam_17 8372 3 2 1161 563
cam_17 8359 2 2 650 173
cam_17 8307 2 1 537 185
cam_17 8335 1 1 496 579
cam_17 8323 2 1 543 188
cam_17 8358 1 1 567 649
cam_17 8362 1 1 470 589
cam_17 8378 1 2 968 606
cam_17 8353 1 1 628 608
cam_17 8400 1 2 1049 578
cam_17 8418 1 2 865 608
cam_17 8352 1 1 769 588
cam_17 8431 1 2 1115 527
cam_17 8429 1 2 860 573
cam_17 8408 1 1 502 597
cam_17 8484 1 3 1070 578
cam_17 8446 1 1 540 633
cam_17 8461 1 2 1148 562
cam_17 8529 1 2 842 624
cam_17 8476 1 1 504 608
cam_17 8494 1 1 640 626
cam_17 8482 2 1 549 187
cam_17 8469 3 4 1090 599
cam_17 8495 1 1 509 642
cam_17 8496 3 1 919 550
cam_17 8509 3 1 1044 556
cam_17 8556 1 2 1013 589
cam_17 8535 1 1 551 642
cam_17 8537 1 1 655 636
cam_17 8553 2 1 556 186
cam_17 8545 1 1 490 592
cam_17 8619 1 2 986 582
cam_17 8563 2 1 527 199
cam_17 8571 2 2 683 185
cam_17 8631 1 1 552 621
cam_17 8660 1 2 1023 603
cam_17 8679 1 2 862 623
cam_17 8656 2 1 781 242
cam_17 8702 1 2 1087 576
cam_17 8705 1 2 786 630
cam_17 8689 1 1 502 603
cam_17 8732 1 2 971 599
cam_17 8745 1 2 1003 594
cam_17 8721 2 1 555 183
cam_17 8752 1 2 763 628
cam_17 8724 2 1 525 186
cam_17 8758 1 1 534 626
cam_17 8778 3 1 1057 502
cam_17 8749 2 1 651 184
cam_17 8767 2 1 544 184
cam_17 8772 2 1 511 191
cam_17 8812 2 1 554 190
cam_17 8811 1 1 663 613
cam_17 8821 1 1 533 609
cam_17 8844 1 2 1002 601
cam_17 8836 1 1 605 621
cam_17 8827 1 1 640 574
cam_17 8858 1 1 569 631
cam_17 8850 1 1 625 630
cam_17 8866 1 1 562 634
cam_17 8830 2 1 497 183
cam_17 8897 1 2 1009 600
cam_17 8881 1 1 595 631
cam_17 8934 1 2 1016 593
cam_17 8944 1 1 559 635
cam_17 8920 2 1 509 183
cam_17 8953 2 1 622 183
cam_17 8984 1 2 964 603
cam_17 8999 1 2 1027 612
cam_17 8973 3 1 1123 523
cam_17 8993 1 1 569 615
cam_17 8976 2 1 527 180
cam_17 9000 3 1 1081 512
cam_17 8998 1 1 584 548
cam_17 9030 2 1 553 187
cam_17 9051 1 1 492 550
cam_17 9058 2 1 543 183
cam_17 9093 1 1 621 623
cam_17 9084 2 1 559 182
cam_17 9110 1 1 584 633
cam_17 9141 1 2 1039 583
cam_17 9141 3 1 1144 541
cam_17 9159 1 1 601 600
cam_17 9177 1 2 957 615
cam_17 9195 1 1 526 601
cam_17 9216 2 1 545 181
cam_17 9247 2 1 532 187
cam_17 9255 2 1 508 187
cam_17 9282 3 2 1143 577
cam_17 9261 2 1 522 189
cam_17 9279 1 1 535 627
cam_17 9300 1 1 576 549
cam_17 9349 1 1 601 634
cam_17 9422 3 1 1077 544
cam_17 9423 3 1 984 540
cam_17 9452 1 1 655 613
cam_17 9457 1 1 620 627
cam_17 9441 3 1 1051 517
cam_17 9475 1 1 622 587
cam_17 9468 3 1 1068 528
cam_17 9461 1 1 741 604
cam_17 9491 1 2 925 621
cam_17 9592 1 1 552 592
cam_17 9510 1 1 598 585
cam_17 9557 1 2 1147 576
cam_17 9549 1 2 724 621
cam_17 9581 1 2 917 610
cam_17 9574 1 1 687 601
cam_17 9573 1 1 481 570
cam_17 9620 1 2 1012 602
cam_17 9574 3 1 520 627
cam_17 9623 1 1 489 618
cam_17 9650 1 2 1156 582
cam_17 9656 1 2 943 604
cam_17 9630 1 1 539 635
cam_17 9677 3 1 992 570
cam_17 9639 1 1 491 620
cam_17 9636 3 1 1121 579
cam_17 9646 2 1 527 184
cam_17 9675 2 1 556 181
cam_17 9679 1 1 516 564
cam_17 9691 1 1 534 619
cam_17 9714 1 1 514 608
cam_17 9699 1 1 573 631
cam_17 9762 3 4 1188 535
cam_17 9735 1 2 955 586
cam_17 9697 2 1 517 178
cam_17 9708 2 1 531 183
cam_17 9712 2 1 511 183
cam_17 9761 2 2 678 186
cam_17 9730 1 1 515 598
cam_17 9738 1 1 529 565
cam_17 9726 2 1 535 187
cam_17 9756 1 1 509 611
cam_17 9765 1 2 962 588
cam_17 9762 1 1 495 579
cam_17 9775 1 1 545 577
cam_17 9778 1 1 508 638
cam_17 9798 1 2 823 601
cam_17 9818 1 2 993 611
cam_17 9821 3 1 1100 521
cam_17 9832 1 1 596 582
cam_17 9877 1 2 1035 609
cam_17 9828 1 1 644 530
cam_17 9837 2 1 544 180
cam_17 9845 3 1 1059 539
cam_17 9877 2 2 585 183
cam_17 9892 2 1 512 188
cam_17 9927 1 2 757 634
cam_17 9934 1 1 503 597
cam_17 9940 1 2 979 605
cam_17 9964 1 3 742 630
cam_17 9981 1 4 1157 539
cam_17 9970 1 1 494 585
cam_17 9972 1 1 592 539
cam_17 9994 2 1 531 184
cam_17 10015 2 1 640 182
cam_17 10032 2 1 527 177
cam_17 10032 1 2 981 577
cam_17 10051 1 1 684 612
cam_17 10056 1 2 943 600
cam_17 10083 2 2 684 185
cam_17 10050 2 1 514 186
cam_17 10100 1 2 949 595
cam_17 10115 1 2 969 600
cam_17 10140 2 2 674 186
cam_17 10129 3 1 936 574
cam_17 10134 1 1 501 554
cam_17 10156 1 1 738 620
cam_17 10148 2 1 652 189
cam_17 10181 1 2 1024 601
cam_17 10146 2 1 541 190
cam_17 10207 1 2 757 628
cam_17 10183 2 1 531 182
cam_17 10227 1 1 602 557
cam_17 10285 1 2 1099 577
cam_17 10270 3 1 1139 537
cam_17 10241 2 2 677 185
cam_17 10296 1 3 1060 614
cam_17 10281 2 1 518 180
cam_17 10280 2 1 519 181
cam_17 10335 2 3 604 167
cam_17 10365 3 2 1125 581
cam_17 10314 3 1 1018 571
cam_17 10336 1 1 525 583
cam_17 10400 1 2 978 605
cam_17 10357 2 1 550 187
cam_17 10338 3 1 585 639
cam_17 10398 1 2 1116 536
cam_17 10388 3 1 923 586
cam_17 10398 1 1 617 600
cam_17 10374 3 1 963 571
cam_17 10381 2 1 543 183
cam_17 10418 1 2 894 621
cam_17 10427 3 2 1159 554
cam_17 10434 1 2 910 596
cam_17 10449 2 2 554 198
cam_17 10436 1 1 613 632
cam_17 10445 1 1 575 618
cam_17 10449 3 1 927 565
cam_17 10474 1 2 1031 601
cam_17 10530 1 2 1139 557
cam_17 10456 2 1 532 181
cam_17 10512 3 2 1158 586
cam_17 10512 1 2 895 597
cam_17 10458 2 2 631 195
cam_17 10468 3 1 539 605
cam_17 10512 2 1 483 176
cam_17 10552 1 1 483 553
cam_17 10531 1 1 623 622
cam_17 10554 2 1 546 181
cam_17 10558 2 1 522 184
cam_17 10599 1 2 687 636
cam_17 10605 1 1 621 630
cam_17 10616 1 2 959 613
cam_17 10629 3 2 1146 591
cam_17 10620 1 1 717 619
cam_17 10611 2 1 545 182
cam_17 10620 1 1 642 583
cam_17 10669 3 4 1193 550
cam_17 10635 2 1 519 187
cam_17 10701 1 2 990 604
cam_17 10736 2 2 697 187
cam_17 10680 1 1 587 608
cam_17 10668 3 1 857 585
cam_17 10685 3 1 1039 545
cam_17 10732 2 2 545 182
cam_17 10706 2 1 639 184
cam_17 10752 2 1 547 191
cam_17 10793 2 2 673 185
cam_17 10764 1 1 569 600
cam_17 10806 2 2 548 180
cam_17 10775 1 1 677 615
cam_17 10756 2 2 678 181
cam_17 10801 1 2 980 610
cam_17 10786 1 1 741 618
cam_17 10785 2 2 541 188
cam_17 10828 1 4 1093 525
cam_17 10839 1 2 949 576
cam_17 10866 2 4 706 180
cam_17 10846 1 1 639 636
cam_17 10888 1 1 530 632
cam_17 10879 1 1 651 612
cam_17 10905 1 2 1046 611
cam_17 10911 2 2 674 184
cam_17 10918 1 2 1030 593
cam_17 10918 1 1 599 634
cam_17 10909 1 1 544 624
cam_17 10963 3 2 1154 591
cam_17 10971 1 2 954 613
cam_17 10940 1 1 534 633
cam_17 10924 2 1 528 185
cam_17 10936 2 1 528 181
cam_17 10998 1 1 550 608
cam_17 10977 3 1 1051 556
cam_17 11007 1 2 1115 597
cam_17 10978 2 1 523 181
cam_17 11026 1 1 610 640
cam_17 10995 2 1 545 185
cam_17 11033 1 2 929 613
cam_17 11046 1 2 1163 556
cam_17 11045 1 2 992 606
cam_17 11059 1 2 877 615
cam_17 11099 1 2 998 595
cam_17 11085 1 1 847 599
cam_17 11099 1 2 712 628
cam_17 11085 3 1 1118 516
cam_17 11105 1 1 743 596
cam_17 11116 1 1 591 603
cam_17 11107 2 1 545 183
cam_17 11142 1 2 1015 599
cam_17 11154 1 2 873 602
cam_17 11175 1 2 1019 609
cam_17 11184 1 1 586 633
cam_17 11218 1 1 677 630
cam_17 11208 2 1 539 178
cam_17 11272 2 1 555 184
cam_17 11287 2 1 517 180
cam_17 11326 2 2 507 186
cam_17 11304 3 1 1035 534
cam_17 11354 1 2 880 596
cam_17 11335 2 2 605 187
cam_17 11361 2 1 547 184
cam_17 11398 1 1 547 624
cam_17 11412 1 1 582 629
cam_17 11440 1 1 516 597
cam_17 11454 3 1 935 562
cam_17 11461 1 1 546 638
cam_17 11467 1 1 537 631
cam_17 11484 1 1 528 579
cam_17 11478 2 2 521 186
cam_17 11509 1 3 1077 515
cam_17 11564 1 2 961 610
cam_17 11523 1 2 981 580
cam_17 11568 1 2 1181 565
cam_17 11515 2 1 656 186
cam_17 11576 1 2 1038 612
cam_17 11520 2 1 545 186
cam_17 11529 2 1 530 189
cam_17 11573 1 1 565 633
cam_17 11610 1 2 998 586
cam_17 11586 1 1 576 610
cam_17 11604 1 1 549 543
cam_17 11625 1 2 922 589
cam_17 11637 2 3 686 169
cam_17 11599 1 1 634 574
cam_17 11637 2 1 542 180
cam_17 11651 1 1 574 588
cam_17 11669 1 2 975 611
cam_17 11644 2 1 537 186
cam_17 11673 2 1 519 183
cam_17 11742 3 2 1136 585
cam_17 11716 1 2 981 590
cam_17 11714 1 1 587 618
cam_17 11751 2 1 640 182
cam_17 11766 1 2 781 623
cam_17 11772 1 1 553 584
cam_17 11783 3 1 1099 519
cam_17 11793 1 1 577 613
cam_17 11800 1 1 485 581
cam_17 11797 2 1 546 185
cam_17 11784 3 1 888 589
cam_17 11826 1 1 552 575
cam_17 11859 1 1 660 536
cam_17 11866 1 1 481 589
cam_17 11906 1 1 596 632
cam_17 11914 1 2 1018 605
cam_17 11928 3 1 1045 466
cam_17 11950 1 1 554 578
cam_17 11967 1 1 506 616
cam_17 11985 1 1 672 621
cam_17 11973 3 1 1099 530
cam_17 11974 1 1 567 574
cam_17 11986 1 1 540 602
cam_17 12268 2 1 550 205
cam_17 12006 1 2 992 568
cam_17 12014 1 1 607 625
cam_17 12060 1 1 656 583
cam_17 12068 1 1 651 631
cam_17 12084 1 1 808 601
cam_17 12075 1 1 587 627
cam_17 12093 2 1 632 182
cam_17 12156 1 2 1052 593
cam_17 12099 3 1 513 559
cam_17 12138 1 1 560 631
cam_17 12143 3 1 1136 534
cam_17 12170 1 2 725 631
cam_17 12175 1 2 1089 580
cam_17 12138 1 2 868 613
cam_17 12194 1 2 989 601
cam_17 12189 1 1 530 588
cam_17 12191 3 1 1132 515
cam_17 12218 1 2 1028 609
cam_17 12218 1 1 668 626
cam_17 12223 1 1 560 639
cam_17 12240 2 1 548 181
cam_17 12256 2 1 540 184
cam_17 12255 2 1 528 184
cam_17 12253 2 1 513 184
cam_17 12305 1 1 593 638
cam_17 12285 2 1 547 186
cam_17 12292 2 1 536 187
cam_17 12310 2 1 522 183
cam_17 12335 1 2 1020 606
cam_17 12309 3 1 632 567
cam_17 12383 1 2 886 625
cam_17 12352 2 1 527 185
cam_17 12399 2 2 561 188
cam_17 12429 1 1 551 626
cam_17 12444 3 1 1095 517
cam_17 12426 2 2 673 186
cam_17 12455 1 2 1029 592
cam_17 13318 2 1 552 205
cam_17 12409 2 2 692 186
cam_17 12451 2 1 550 190
cam_17 12516 1 2 980 595
cam_17 12474 2 1 555 182
cam_17 12507 1 1 558 639
cam_17 12532 1 2 997 598
cam_17 12556 1 3 688 634
cam_17 12552 1 2 1040 588
cam_17 12562 1 1 799 591
cam_17 12564 1 1 586 532
cam_17 12579 3 1 1115 539
cam_17 12623 1 2 1013 605
cam_17 12568 2 1 501 179
cam_17 12598 1 1 633 581
cam_17 12626 2 2 681 183
cam_17 12642 1 1 537 604
cam_17 12604 1 1 580 574
cam_17 12669 1 2 990 611
cam_17 12652 1 1 530 622
cam_17 12650 3 1 1080 529
cam_17 12676 3 1 940 575
cam_17 12696 2 2 574 186
cam_17 12708 2 2 512 181
cam_17 12714 1 2 797 631
cam_17 12722 1 1 531 603
cam_17 12737 1 2 797 623
cam_17 12765 2 2 681 184
cam_17 12744 1 1 515 596
cam_17 12757 2 1 501 187
cam_17 12755 1 1 574 590
cam_17 12789 1 2 1044 605
cam_17 12801 1 2 1004 589
cam_17 12803 1 1 563 616
cam_17 12802 1 1 504 574
cam_17 12830 1 2 1034 604
cam_17 12844 2 2 541 180
cam_17 12831 2 1 554 184
cam_17 12885 1 2 891 590
cam_17 12838 2 1 552 183
cam_17 12870 1 2 720 603
cam_17 12890 3 1 1010 553
cam_17 12852 2 1 536 185
cam_17 12887 1 1 535 607
cam_17 13306 2 1 548 212
cam_17 12886 2 1 543 188
cam_17 12897 1 1 652 570
cam_17 12903 1 1 606 611
cam_17 12902 2 1 637 183
cam_17 12917 3 1 1005 554
cam_17 12915 2 1 537 178
cam_17 12964 1 1 682 618
cam_17 12949 1 1 626 627
cam_17 12973 3 1 1129 538
cam_17 12987 3 1 1090 549
cam_17 13014 1 2 1081 602
cam_17 13045 2 2 519 187
cam_17 13017 1 1 617 551
cam_17 13063 3 2 1163 567
cam_17 13067 1 2 800 629
cam_17 13068 2 1 529 187
cam_17 13053 2 2 550 182
cam_17 13104 3 2 994 613
cam_17 13081 2 1 522 177
cam_17 13131 1 2 1020 608
cam_17 13077 1 1 689 620
cam_17 13117 3 1 1074 540
cam_17 13125 3 1 1142 515
cam_17 13132 1 1 631 630
cam_17 13152 1 2 1067 611
cam_17 13178 1 2 1081 603
cam_17 13122 2 1 518 180
cam_17 13131 2 1 544 201
cam_17 13187 1 2 822 613
cam_17 13197 1 2 1174 580
cam_17 13140 3 1 575 550
cam_17 13201 1 1 643 620
cam_17 13192 1 1 581 596
cam_17 13239 1 2 1004 603
cam_17 13272 3 1 1022 538
cam_17 13217 1 1 660 626
cam_17 13195 2 1 497 184
cam_17 13258 1 2 1093 596
cam_17 13189 2 1 549 181
cam_17 13294 1 1 699 616
cam_17 13306 1 1 628 625
cam_17 13252 1 1 658 562
cam_17 13263 1 1 663 527
cam_17 13271 2 1 641 182
cam_17 13305 1 1 756 584
cam_17 13311 1 1 803 546
cam_17 13297 1 1 535 631
cam_17 13330 1 1 727 600
cam_17 13311 2 1 552 180
cam_17 13359 3 2 1128 558
cam_17 13323 2 1 539 182
cam_17 13338 2 1 534 178
cam_17 13378 1 2 920 620
cam_17 13373 3 1 1139 535
cam_17 13349 1 1 504 648
cam_17 13410 3 2 1155 585
cam_17 13392 2 1 518 184
cam_17 13419 2 1 551 179
cam_17 13435 1 1 621 627
cam_17 13452 1 2 769 600
cam_17 13473 1 2 1053 603
cam_17 13496 1 2 972 594
cam_17 13496 2 4 695 171
