cam_11 59 2 1 676 341
cam_11 115 1 2 687 646
cam_11 12 1 1 395 646
cam_11 83 1 1 618 647
cam_11 93 1 1 473 649
cam_11 78 2 1 670 344
cam_11 160 1 2 696 648
cam_11 95 2 1 675 337
cam_11 115 2 1 677 338
cam_11 132 2 1 689 343
cam_11 141 1 1 734 643
cam_11 205 2 1 642 338
cam_11 224 2 1 654 342
cam_11 237 2 1 647 339
cam_11 261 2 1 667 352
cam_11 307 1 1 501 647
cam_11 272 2 1 659 335
cam_11 297 2 1 660 340
cam_11 324 1 1 563 642
cam_11 335 2 1 659 339
cam_11 369 1 1 705 646
cam_11 400 2 1 657 341
cam_11 375 1 1 428 621
cam_11 389 1 1 460 643
cam_11 480 1 1 501 646
cam_11 467 1 1 651 644
cam_11 489 2 1 643 337
cam_11 516 2 1 676 355
cam_11 533 2 1 612 340
cam_11 544 2 1 673 355
cam_11 537 2 1 646 344
cam_11 567 1 1 632 644
cam_11 566 2 1 632 339
cam_11 543 1 1 544 642
cam_11 552 2 1 603 363
cam_11 567 2 1 679 378
cam_11 585 2 1 643 353
cam_11 583 2 1 672 370
cam_11 610 2 1 633 340
cam_11 579 2 1 676 394
cam_11 626 2 1 659 339
cam_11 626 2 1 614 339
cam_11 704 1 1 461 638
cam_11 693 1 1 657 630
cam_11 778 1 2 603 650
cam_11 758 2 1 659 340
cam_11 767 1 1 647 643
cam_11 764 1 1 561 640
cam_11 795 2 1 666 341
cam_11 797 1 1 644 648
cam_11 824 2 1 682 339
cam_11 810 1 1 601 645
cam_11 897 1 1 511 648
cam_11 934 1 1 643 645
cam_11 942 2 1 655 340
cam_11 999 1 2 644 635
cam_11 1024 1 1 460 648
cam_11 1062 2 1 658 343
cam_11 1103 1 1 548 635
cam_11 1113 1 1 554 640
cam_11 1197 1 1 440 642
cam_11 1200 2 1 687 343
cam_11 1212 1 1 478 646
cam_11 1278 1 2 592 642
cam_11 1217 2 1 671 337
cam_11 1262 2 1 686 342
cam_11 1310 1 1 581 638
cam_11 1339 2 1 664 341
cam_11 1325 1 1 571 638
cam_11 1316 1 1 479 646
cam_11 1352 2 1 636 341
cam_11 1365 1 1 686 645
cam_11 1422 2 1 678 340
cam_11 1384 2 1 652 339
cam_11 1356 1 1 592 615
cam_11 1383 1 1 598 645
cam_11 1415 2 1 636 340
cam_11 1406 1 1 568 648
cam_11 1457 2 1 667 341
cam_11 1457 2 1 632 340
cam_11 1499 1 1 586 648
cam_11 1511 1 1 542 642
cam_11 1532 1 1 634 648
cam_11 1532 2 4 644 336
cam_11 1533 1 1 467 650
cam_11 1521 1 1 459 641
cam_11 1539 1 1 551 649
cam_11 1569 2 1 642 343
cam_11 1580 1 1 440 643
cam_11 1578 2 1 670 337
cam_11 1627 2 1 665 339
cam_11 1667 1 1 563 641
cam_11 1656 2 1 647 341
cam_11 1674 2 1 667 340
cam_11 1673 2 1 634 339
cam_11 1689 2 1 646 342
cam_11 1729 2 1 679 358
cam_11 1748 2 1 671 340
cam_11 1806 1 2 645 643
cam_11 1738 1 1 708 642
cam_11 1817 1 1 444 646
cam_11 1811 1 1 459 644
cam_11 1878 1 1 674 645
cam_11 1881 1 1 455 644
cam_11 1896 2 1 667 339
cam_11 2104 2 4 662 338
cam_11 1935 1 1 447 637
cam_11 1950 1 1 437 646
cam_11 1952 1 1 652 639
cam_11 2030 1 1 623 642
cam_11 2025 2 1 663 342
cam_11 2054 2 1 660 339
cam_11 2140 1 2 619 648
cam_11 2171 1 2 679 642
cam_11 2150 2 1 632 337
cam_11 2164 2 1 636 341
cam_11 2178 1 1 699 619
cam_11 2195 2 1 656 339
cam_11 2224 1 1 421 647
cam_11 2209 2 1 674 344
cam_11 2218 2 1 665 366
cam_11 2229 2 1 689 358
cam_11 2240 2 1 653 343
cam_11 2242 2 1 677 361
cam_11 2251 2 1 669 367
cam_11 2266 2 1 660 345
cam_11 2277 1 1 441 647
cam_11 2319 1 2 687 647
cam_11 2276 2 1 655 343
cam_11 2304 1 1 544 643
cam_11 2294 2 1 640 338
cam_11 2334 2 1 660 341
cam_11 2331 1 1 632 641
cam_11 2349 1 1 535 640
cam_11 2337 1 1 600 643
cam_11 2415 1 1 479 641
cam_11 2415 1 1 693 633
cam_11 2428 1 1 676 643
cam_11 2458 1 1 561 645
cam_11 2465 1 1 796 646
cam_11 2475 2 1 771 391
cam_11 2526 1 1 686 631
cam_11 2544 2 1 657 341
cam_11 2535 1 1 520 642
cam_11 2549 1 1 747 634
cam_11 2559 1 1 512 641
cam_11 2630 1 1 619 642
cam_11 2631 1 1 741 647
cam_11 2661 1 1 423 648
cam_11 2652 1 1 634 639
cam_11 2711 1 1 435 648
cam_11 2717 1 1 481 648
cam_11 2737 2 1 659 340
cam_11 2758 2 1 667 342
cam_11 2774 2 1 679 337
cam_11 2781 1 1 535 641
cam_11 2795 1 1 625 642
cam_11 2821 1 1 591 647
cam_11 2832 2 1 677 340
cam_11 2916 1 2 593 649
cam_11 2874 2 1 662 339
cam_11 2913 2 1 688 381
cam_11 2928 1 1 467 645
cam_11 2920 2 1 647 365
cam_11 2941 2 1 654 337
cam_11 2993 2 1 675 338
cam_11 2997 1 1 470 628
cam_11 3014 1 1 576 639
cam_11 3075 1 1 461 639
cam_11 3209 1 1 442 645
cam_11 3092 2 1 675 338
cam_11 3080 1 1 710 628
cam_11 3084 2 1 625 349
cam_11 3094 2 1 620 336
cam_11 3218 1 1 580 646
cam_11 3219 2 1 685 340
cam_11 3210 2 1 663 340
cam_11 3231 1 1 604 638
cam_11 3254 2 1 694 344
cam_11 3318 1 2 710 641
cam_11 3273 2 1 689 396
cam_11 3301 2 1 660 353
cam_11 3316 2 1 647 340
cam_11 3339 1 2 702 643
cam_11 3329 1 1 516 644
cam_11 3345 1 1 423 640
cam_11 3358 1 1 444 646
cam_11 3392 2 1 652 341
cam_11 3462 2 1 675 344
cam_11 3477 2 1 661 342
cam_11 3497 2 1 660 341
cam_11 3513 1 1 501 647
cam_11 3526 2 1 675 349
cam_11 3516 1 1 625 633
cam_11 3534 2 1 690 357
cam_11 3545 1 1 504 644
cam_11 3549 2 1 648 343
cam_11 3597 1 1 575 647
cam_11 3588 2 1 657 339
cam_11 3615 2 1 677 338
cam_11 3682 1 1 453 637
cam_11 3723 2 1 690 363
cam_11 3740 2 1 663 338
cam_11 3743 1 1 639 639
cam_11 3739 1 1 398 641
cam_11 3752 1 1 460 643
cam_11 3769 2 1 687 352
cam_11 3785 2 1 663 337
cam_11 3787 1 1 542 647
cam_11 3797 1 1 616 646
cam_11 3810 1 1 432 648
cam_11 3810 2 1 647 339
cam_11 3833 2 1 671 342
cam_11 3861 2 1 678 342
cam_11 3853 2 1 622 338
cam_11 3861 1 1 552 638
cam_11 3940 2 1 703 358
cam_11 3961 2 1 703 356
cam_11 4004 1 2 750 647
cam_11 3982 2 1 689 346
cam_11 3996 1 1 598 636
cam_11 3991 1 1 415 640
cam_11 4001 1 1 418 649
cam_11 4010 1 1 590 649
cam_11 4037 1 1 452 647
cam_11 4061 1 1 679 641
cam_11 4062 2 1 633 337
cam_11 4077 2 1 640 358
cam_11 4092 2 4 660 339
cam_11 4060 1 1 429 646
cam_11 4091 2 1 632 337
cam_11 4098 1 1 654 646
cam_11 4145 2 1 660 340
cam_11 4145 1 1 385 648
cam_11 4183 2 1 686 352
cam_11 4194 2 1 677 388
cam_11 4203 1 1 562 637
cam_11 4220 2 1 667 340
cam_11 4219 2 1 645 351
cam_11 4210 1 1 716 582
cam_11 4205 1 1 572 630
cam_11 4259 1 1 604 643
cam_11 4275 2 1 671 342
cam_11 4282 2 1 648 339
cam_11 4328 1 1 445 647
cam_11 4410 2 1 681 339
cam_11 4455 2 1 683 339
cam_11 4455 1 1 481 633
cam_11 4497 1 1 514 640
cam_11 4482 2 1 670 345
cam_11 4479 2 1 703 379
cam_11 4498 2 1 668 347
cam_11 4508 1 1 610 641
cam_11 4540 1 2 685 646
cam_11 4551 2 1 662 341
cam_11 4546 1 1 473 647
cam_11 4601 2 1 650 339
cam_11 4653 1 2 655 644
cam_11 4630 2 1 641 338
cam_11 4646 2 1 645 338
cam_11 4618 1 1 623 647
cam_11 4688 2 1 628 338
cam_11 4710 1 1 426 645
cam_11 4719 1 1 684 631
cam_11 4772 1 1 628 644
cam_11 4771 2 1 631 339
cam_11 4782 2 1 626 342
cam_11 4797 1 1 647 641
cam_11 4860 1 1 496 648
cam_11 4866 2 1 668 339
cam_11 4865 2 4 633 339
cam_11 4881 1 1 644 644
cam_11 4973 1 1 466 646
cam_11 4982 1 1 559 636
cam_11 4985 2 1 644 340
cam_11 5008 1 1 619 644
cam_11 5067 2 1 659 341
cam_11 5050 1 1 652 648
cam_11 5029 1 1 435 649
cam_11 5041 2 1 604 336
cam_11 5134 2 1 665 339
cam_11 5207 1 1 474 645
cam_11 5199 2 1 637 340
cam_11 5273 1 1 666 648
cam_11 5285 2 1 644 342
cam_11 5319 2 1 640 340
cam_11 5343 2 1 646 340
cam_11 5373 1 1 438 638
cam_11 5383 2 1 660 340
cam_11 5394 2 1 649 350
cam_11 5432 1 1 607 638
cam_11 5451 2 1 648 339
cam_11 5467 2 1 671 341
cam_11 5442 1 1 446 642
cam_11 5451 1 1 653 631
cam_11 5487 1 1 421 646
cam_11 5516 1 2 654 638
cam_11 5508 2 1 659 340
cam_11 5531 1 1 675 640
cam_11 5534 1 1 414 647
cam_11 5555 1 1 404 642
cam_11 5541 1 1 475 633
cam_11 5559 1 1 546 642
cam_11 5578 1 1 456 634
cam_11 5592 1 1 464 641
cam_11 5668 1 1 491 648
cam_11 5703 1 1 586 648
cam_11 5695 2 1 661 338
cam_11 5758 1 1 447 650
cam_11 5771 2 1 614 341
cam_11 5795 1 1 485 648
cam_11 5780 2 1 656 339
cam_11 5817 1 1 485 645
cam_11 5827 1 1 490 649
cam_11 5856 2 1 637 338
cam_11 5873 2 1 651 341
cam_11 5892 1 1 635 639
cam_11 5913 2 1 660 343
cam_11 5909 1 1 627 628
cam_11 5932 2 1 644 339
cam_11 5933 1 1 452 647
cam_11 6003 2 1 687 360
cam_11 5991 2 1 652 340
cam_11 6025 2 1 631 344
cam_11 6025 2 1 655 350
cam_11 6037 2 1 610 350
cam_11 6040 2 1 630 351
cam_11 6093 1 1 592 640
cam_11 6111 1 1 637 637
cam_11 6122 2 1 647 340
cam_11 6134 1 1 454 644
cam_11 6148 1 1 615 643
cam_11 6156 2 1 670 376
cam_11 6185 2 1 651 340
cam_11 6177 1 1 602 632
cam_11 6189 1 1 670 645
cam_11 6200 1 1 528 644
cam_11 6212 1 3 763 647
cam_11 6327 1 1 626 647
cam_11 6376 1 1 487 647
cam_11 6387 1 1 580 646
cam_11 6390 2 1 633 339
cam_11 6408 2 1 688 348
cam_11 6437 1 1 473 649
cam_11 6387 2 1 668 344
cam_11 6411 2 1 637 344
cam_11 6394 2 1 687 389
cam_11 6425 2 1 651 338
cam_11 6427 2 1 614 337
cam_11 6450 2 1 650 342
cam_11 6467 2 1 650 339
cam_11 6491 2 1 662 342
cam_11 6495 1 1 429 637
cam_11 6502 2 1 664 353
cam_11 6508 2 1 655 383
cam_11 6530 2 1 628 338
cam_11 6534 1 1 620 646
cam_11 6583 1 1 459 644
cam_11 6597 2 1 657 345
cam_11 6614 1 1 579 642
cam_11 6615 1 1 687 626
cam_11 6628 1 1 463 650
cam_11 6632 1 1 660 634
cam_11 6644 1 1 418 645
cam_11 6671 1 1 458 647
cam_11 6755 1 1 665 633
cam_11 6794 1 1 419 647
cam_11 6807 1 2 641 645
cam_11 6818 1 1 591 647
cam_11 6828 1 1 571 622
cam_11 6841 2 1 664 340
cam_11 6863 2 1 664 339
cam_11 6908 1 1 554 640
cam_11 6885 1 1 589 631
cam_11 6909 1 1 650 628
cam_11 6909 2 1 663 343
cam_11 6923 1 1 463 637
cam_11 6951 1 1 496 640
cam_11 6948 2 1 669 340
cam_11 7026 1 1 613 635
cam_11 7023 2 1 651 340
cam_11 7056 1 1 589 638
cam_11 7041 2 1 656 341
cam_11 7057 2 1 633 340
cam_11 7188 1 1 548 648
cam_11 7251 1 1 431 648
cam_11 7256 2 1 655 342
cam_11 7325 1 1 615 642
cam_11 7371 2 1 652 342
cam_11 7387 2 1 652 337
cam_11 7429 2 1 690 351
cam_11 7407 2 1 645 378
cam_11 7428 2 1 637 356
cam_11 7451 2 1 629 336
cam_11 7512 2 1 688 347
cam_11 7508 2 1 636 342
cam_11 7521 2 1 650 342
cam_11 7540 1 1 603 647
cam_11 7604 1 1 683 633
cam_11 7589 2 1 640 343
cam_11 7614 1 1 572 633
cam_11 7626 2 1 640 339
cam_11 7647 2 1 646 338
cam_11 7652 1 1 545 641
cam_11 7649 1 1 723 641
cam_11 7707 1 1 453 643
cam_11 7721 1 1 467 644
cam_11 7732 2 1 664 343
cam_11 7747 1 1 631 648
cam_11 7800 1 1 459 627
cam_11 7830 1 2 678 636
cam_11 7823 2 1 647 339
cam_11 7850 2 1 651 341
cam_11 7872 2 1 660 342
cam_11 7884 2 1 629 341
cam_11 7906 2 1 690 349
cam_11 7922 1 1 502 649
cam_11 7936 2 1 674 351
cam_11 7942 1 1 581 641
cam_11 7933 2 1 620 346
cam_11 7943 2 1 625 340
cam_11 7954 2 1 650 340
cam_11 8004 1 1 670 646
cam_11 8535 2 4 615 338
cam_11 8040 2 1 669 339
cam_11 8021 1 1 578 636
cam_11 8028 1 1 604 642
cam_11 8043 2 1 630 338
cam_11 8089 1 1 412 651
cam_11 8078 2 1 635 341
cam_11 8124 2 1 669 342
cam_11 8144 2 1 649 340
cam_11 8398 1 1 522 649
cam_11 8193 1 1 615 646
cam_11 8190 2 1 644 339
cam_11 8220 2 1 666 340
cam_11 8231 1 1 481 636
cam_11 8247 1 1 447 641
cam_11 8270 2 1 640 336
cam_11 8275 1 1 776 643
cam_11 8289 2 1 691 361
cam_11 8346 2 1 619 339
cam_11 8361 2 1 704 354
cam_11 8363 2 1 619 340
cam_11 8386 2 1 667 336
cam_11 8443 2 1 645 339
cam_11 8448 1 1 443 631
cam_11 8476 2 1 624 338
cam_11 8474 2 1 672 341
cam_11 8509 2 1 686 357
cam_11 8505 2 1 649 344
cam_11 8515 1 1 623 645
cam_11 8544 2 1 637 340
cam_11 8616 1 1 463 645
cam_11 8676 1 1 641 639
cam_11 8681 1 1 747 635
cam_11 8696 1 1 646 642
cam_11 8711 1 1 621 647
cam_11 8719 1 1 459 645
cam_11 8774 1 1 553 643
cam_11 8772 2 1 654 342
cam_11 8784 1 1 519 638
cam_11 8801 2 1 663 340
cam_11 8826 2 1 659 341
cam_11 8803 1 1 604 646
cam_11 8832 1 1 524 635
cam_11 8828 1 1 492 642
cam_11 8851 1 1 607 645
cam_11 8885 2 1 651 339
cam_11 8855 2 1 643 340
cam_11 8862 1 1 470 640
cam_11 8883 1 1 586 647
cam_11 8884 2 1 626 338
cam_11 8926 1 1 552 646
cam_11 8925 2 1 663 357
cam_11 8934 2 1 618 338
cam_11 8941 1 1 565 648
cam_11 8938 2 1 645 352
cam_11 8949 2 1 648 339
cam_11 8969 2 1 628 340
cam_11 9007 2 1 653 339
cam_11 9009 1 1 539 632
cam_11 9044 1 1 543 647
cam_11 9072 1 1 764 644
cam_11 9067 1 1 563 645
cam_11 9078 1 1 522 638
cam_11 9092 1 1 625 639
cam_11 9089 2 1 645 338
cam_11 9165 1 1 581 648
cam_11 9138 2 1 663 382
cam_11 9162 2 1 637 338
cam_11 9179 2 1 649 337
cam_11 9170 2 1 627 342
cam_11 9192 2 1 661 338
cam_11 9222 1 1 472 640
cam_11 9263 1 1 724 645
cam_11 9267 2 1 660 339
cam_11 9291 1 1 448 643
cam_11 9293 2 1 660 340
cam_11 9319 1 1 494 649
cam_11 9329 1 1 561 649
cam_11 9351 2 1 672 353
cam_11 9315 2 1 660 342
cam_11 9334 1 1 495 645
cam_11 9345 1 1 525 643
cam_11 9380 1 1 479 639
cam_11 9403 1 1 482 647
cam_11 9359 2 1 631 337
cam_11 9396 2 1 678 340
cam_11 9445 1 1 334 644
cam_11 9436 2 1 721 378
cam_11 9522 2 1 684 398
cam_11 9444 1 1 516 645
cam_11 9521 1 2 666 648
cam_11 9548 1 1 681 645
cam_11 9530 1 1 544 638
cam_11 9551 2 1 663 341
cam_11 9549 1 1 503 645
cam_11 9563 1 1 561 642
cam_11 9588 1 1 575 648
cam_11 9573 1 1 610 645
cam_11 9612 1 1 501 645
cam_11 9585 1 1 409 604
cam_11 9626 1 1 473 641
cam_11 9628 2 1 649 338
cam_11 9636 1 1 541 643
cam_11 9646 2 1 639 360
cam_11 9655 2 1 619 346
cam_11 9640 1 1 428 645
cam_11 9647 1 1 571 635
cam_11 9658 1 1 622 652
cam_11 9696 2 1 621 338
cam_11 9672 2 1 635 353
cam_11 9687 1 1 632 633
cam_11 9705 1 1 622 642
cam_11 9742 1 1 445 647
cam_11 9745 2 1 642 338
cam_11 9768 1 1 506 645
cam_11 9726 2 1 624 343
cam_11 9759 2 1 653 372
cam_11 9774 1 1 639 633
cam_11 9815 1 1 699 638
cam_11 9819 1 1 641 639
cam_11 9826 1 1 687 645
cam_11 9831 1 1 588 647
cam_11 9923 1 1 642 644
cam_11 9947 2 1 648 341
cam_11 9969 1 1 466 650
cam_11 9996 2 1 644 341
cam_11 10013 1 1 686 644
cam_11 10023 1 1 399 636
cam_11 10020 1 1 637 634
cam_11 10049 2 1 663 340
cam_11 10077 1 1 464 638
cam_11 10107 2 1 671 340
cam_11 10196 1 1 607 642
cam_11 10212 1 1 453 644
cam_11 10235 2 1 675 338
cam_11 10239 2 1 633 339
cam_11 10260 1 1 542 649
cam_11 10323 1 1 553 646
cam_11 10341 2 1 664 340
cam_11 10379 1 1 421 641
cam_11 10395 1 1 575 638
cam_11 10413 2 1 633 337
cam_11 10422 1 1 469 642
cam_11 10442 1 1 551 645
cam_11 10446 1 1 665 643
cam_11 10451 2 1 613 338
cam_11 10443 1 1 469 643
cam_11 10500 2 1 645 341
cam_11 10519 1 1 703 637
cam_11 10580 2 1 637 340
cam_11 10627 2 1 692 362
cam_11 10639 2 1 648 340
cam_11 10662 2 1 660 340
cam_11 10655 2 1 635 335
cam_11 10676 2 1 662 342
cam_11 10683 2 1 659 357
cam_11 10715 1 1 432 632
cam_11 10749 1 1 469 643
cam_11 10760 2 1 634 340
cam_11 10773 2 4 644 338
cam_11 10836 1 1 556 635
cam_11 10836 2 1 653 340
cam_11 10839 2 1 628 343
cam_11 10843 2 1 660 389
cam_11 10866 2 1 643 343
cam_11 10925 2 1 667 339
cam_11 10911 1 1 730 631
cam_11 10956 2 1 684 361
cam_11 10971 1 1 497 639
cam_11 10988 2 4 656 338
cam_11 10982 1 1 454 646
cam_11 11012 1 1 649 637
cam_11 11029 2 1 677 348
cam_11 11098 2 1 708 364
cam_11 11125 2 1 673 347
cam_11 11111 1 1 648 632
cam_11 11121 1 1 619 634
cam_11 11124 1 1 702 637
cam_11 11135 1 1 658 634
cam_11 11157 2 1 669 341
cam_11 11156 1 1 671 642
cam_11 11174 1 1 435 646
cam_11 11196 1 1 382 642
cam_11 11189 2 1 640 342
cam_11 11246 2 1 637 339
cam_11 11240 1 1 498 636
cam_11 11295 1 1 425 642
cam_11 11337 2 1 621 347
cam_11 11356 2 1 602 339
cam_11 11353 2 1 630 370
cam_11 11369 2 1 641 339
cam_11 11403 2 1 640 338
cam_11 11399 2 1 608 340
cam_11 11392 1 1 396 647
cam_11 11402 1 1 424 643
cam_11 11444 1 1 493 640
cam_11 11547 1 2 671 637
cam_11 11537 2 1 670 340
cam_11 11572 1 1 674 643
cam_11 11616 2 1 663 342
cam_11 11682 2 1 664 340
cam_11 11720 1 1 490 640
cam_11 11743 1 1 586 643
cam_11 11768 2 1 659 338
cam_11 11793 1 1 543 641
cam_11 11835 2 1 664 342
cam_11 11855 1 1 546 647
cam_11 11916 2 4 628 341
cam_11 11857 2 1 663 342
cam_11 11874 1 1 524 640
cam_11 11883 1 1 598 645
cam_11 11886 2 1 669 348
cam_11 11899 2 1 672 344
cam_11 11877 1 1 712 620
cam_11 11886 2 1 625 340
cam_11 11936 1 1 501 640
cam_11 11928 2 1 689 357
cam_11 11955 2 1 646 352
cam_11 11939 2 1 671 357
cam_11 11960 1 1 556 634
cam_11 11974 2 1 631 340
cam_11 12003 1 1 617 644
cam_11 12014 2 1 646 340
cam_11 11982 2 1 695 391
cam_11 12093 2 1 648 339
cam_11 12078 1 1 665 646
cam_11 12110 1 1 586 637
cam_11 12147 2 1 646 340
cam_11 12171 2 1 648 339
cam_11 12385 1 1 411 641
cam_11 12183 1 1 541 645
cam_11 12174 1 1 570 648
cam_11 12205 2 1 655 342
cam_11 12201 2 1 682 359
cam_11 12207 2 1 662 376
cam_11 12225 1 1 551 633
cam_11 12357 1 4 329 625
cam_11 12248 2 1 660 339
cam_11 12264 1 1 562 646
cam_11 12278 1 1 546 646
cam_11 12313 1 1 444 648
cam_11 12300 2 1 679 374
cam_11 12304 1 1 524 638
cam_11 12306 2 1 641 342
cam_11 12312 2 1 702 359
cam_11 12312 2 1 640 356
cam_11 12322 2 1 658 374
cam_11 12375 2 1 671 359
cam_11 12402 1 1 518 644
cam_11 12402 1 1 647 638
cam_11 12403 1 1 482 577
cam_11 12446 2 1 672 340
cam_11 12407 1 1 409 647
cam_11 12425 1 1 419 643
cam_11 12425 1 1 535 647
cam_11 12456 2 1 630 340
cam_11 12434 1 1 573 648
cam_11 12447 1 1 611 642
cam_11 12517 1 1 331 625
cam_11 12463 2 1 646 342
cam_11 12485 1 1 554 634
cam_11 12524 2 1 659 342
cam_11 12575 1 1 638 642
cam_11 12586 2 1 662 348
cam_11 12621 2 1 662 343
cam_11 12615 1 1 612 621
cam_11 12651 2 1 669 340
cam_11 12626 1 1 520 642
cam_11 12704 1 2 630 645
cam_11 12708 2 1 658 340
cam_11 12711 1 1 468 645
cam_11 12722 1 1 653 643
cam_11 12740 1 1 627 644
cam_11 12771 1 1 450 628
cam_11 12747 1 1 637 625
cam_11 12756 2 1 645 344
cam_11 12788 2 1 636 340
cam_11 12789 1 1 724 647
cam_11 12813 1 1 474 645
cam_11 12828 1 1 475 642
cam_11 12819 1 1 488 644
cam_11 12860 2 1 656 341
cam_11 12916 2 1 655 347
cam_11 12924 2 1 672 353
cam_11 12906 1 1 636 618
cam_11 12969 1 1 496 646
cam_11 12956 1 1 676 632
cam_11 12993 1 1 635 632
cam_11 13012 1 1 433 646
cam_11 13029 2 1 704 369
cam_11 13016 1 1 592 649
cam_11 13041 2 1 673 380
cam_11 13034 1 1 674 633
cam_11 13028 1 1 575 640
cam_11 13104 2 1 652 358
cam_11 13190 2 1 649 340
cam_11 13202 1 1 533 643
cam_11 13204 1 1 407 643
cam_11 13247 1 1 531 644
cam_11 13221 2 1 686 387
cam_11 13217 1 1 501 646
cam_11 13236 2 1 675 370
cam_11 13246 2 1 695 388
cam_11 13272 2 1 675 349
cam_11 13284 2 1 632 340
cam_11 13323 2 1 632 353
cam_11 13370 1 1 652 638
cam_11 13338 2 1 611 358
cam_11 13389 1 1 589 641
cam_11 13413 2 1 630 349
cam_11 13403 1 1 665 636
cam_11 13415 1 1 504 641
cam_11 13458 1 4 330 631
cam_11 13455 1 1 599 636
cam_11 13494 2 1 676 352
cam_11 13490 2 1 632 340
