cam_20 51 1 1 1197 363
cam_20 42 1 1 1201 367
cam_20 65 4 1 85 294
cam_20 102 1 2 1226 345
cam_20 132 1 1 1225 358
cam_20 112 1 1 1224 347
cam_20 119 1 1 1227 348
cam_20 162 2 1 535 150
cam_20 164 4 1 92 303
cam_20 189 1 1 1164 369
cam_20 167 1 1 1223 354
cam_20 217 1 1 1216 359
cam_20 222 1 1 1228 353
cam_20 237 1 2 1207 331
cam_20 254 1 1 1213 351
cam_20 330 5 1 490 155
cam_20 316 4 1 73 294
cam_20 366 6 4 1240 422
cam_20 381 2 2 470 147
cam_20 366 4 1 100 293
cam_20 381 4 1 109 296
cam_20 394 2 1 510 145
cam_20 405 2 1 510 149
cam_20 442 5 1 516 155
cam_20 450 4 1 102 312
cam_20 514 2 2 503 148
cam_20 501 4 2 94 300
cam_20 545 1 1 1198 354
cam_20 540 1 1 1210 353
cam_20 584 1 1 1222 362
cam_20 577 1 1 1202 374
cam_20 578 1 1 1136 398
cam_20 591 1 1 1229 338
cam_20 602 2 1 528 145
cam_20 592 1 1 1190 379
cam_20 610 4 1 93 306
cam_20 633 2 1 537 147
cam_20 639 1 2 1205 372
cam_20 669 1 1 1219 361
cam_20 693 4 3 101 362
cam_20 696 1 2 1195 369
cam_20 664 4 1 95 281
cam_20 674 4 1 99 286
cam_20 697 1 1 1147 372
cam_20 729 1 1 1205 360
cam_20 738 1 1 1226 364
cam_20 716 4 2 155 287
cam_20 732 4 1 100 301
cam_20 728 4 1 77 292
cam_20 719 4 1 92 300
cam_20 749 4 1 113 320
cam_20 747 2 1 518 146
cam_20 737 4 1 120 314
cam_20 763 2 1 541 159
cam_20 756 1 1 1194 362
cam_20 823 1 1 1131 332
cam_20 903 1 2 1231 336
cam_20 936 1 1 1205 374
cam_20 922 4 1 87 293
cam_20 958 5 1 536 176
cam_20 977 5 1 499 154
cam_20 1012 5 1 443 170
cam_20 996 5 1 608 161
cam_20 1014 5 1 599 175
cam_20 1026 5 1 538 162
cam_20 1064 5 2 491 147
cam_20 1042 4 1 174 332
cam_20 1035 5 1 507 185
cam_20 1014 6 2 911 622
cam_20 1072 5 1 530 159
cam_20 1075 1 2 1042 416
cam_20 1111 2 1 537 145
cam_20 1113 2 1 531 157
cam_20 1189 1 1 1203 365
cam_20 1277 4 4 50 289
cam_20 1176 1 1 1181 341
cam_20 1197 1 1 1200 357
cam_20 1232 1 2 1226 357
cam_20 1233 1 1 1156 352
cam_20 1328 4 3 51 330
cam_20 1252 1 1 1203 344
cam_20 1278 2 1 522 148
cam_20 1284 4 1 75 291
cam_20 1293 4 1 94 288
cam_20 1328 1 1 1203 352
cam_20 1360 1 1 1224 353
cam_20 1406 2 2 513 151
cam_20 1429 2 1 524 149
cam_20 1494 1 1 1186 342
cam_20 1508 2 1 547 146
cam_20 1518 2 1 488 150
cam_20 1516 1 1 1212 367
cam_20 1522 4 1 122 290
cam_20 1576 2 1 526 143
cam_20 1578 1 1 1143 397
cam_20 1592 4 2 66 337
cam_20 1598 2 1 519 147
cam_20 1611 2 1 531 147
cam_20 1641 5 1 486 152
cam_20 1630 5 1 465 164
cam_20 1617 2 1 547 156
cam_20 1638 2 1 536 144
cam_20 1644 5 1 440 157
cam_20 1656 5 1 464 157
cam_20 1653 2 1 589 159
cam_20 1682 5 1 479 151
cam_20 1703 5 2 461 151
cam_20 1701 2 1 574 159
cam_20 1725 5 1 480 147
cam_20 1711 3 2 61 422
cam_20 1680 1 1 946 581
cam_20 1738 2 1 591 163
cam_20 1748 1 1 946 552
cam_20 1771 6 4 1232 403
cam_20 1805 1 1 1211 340
cam_20 1782 4 1 73 302
cam_20 1811 3 1 113 337
cam_20 1821 2 1 513 147
cam_20 1842 2 1 533 150
cam_20 1854 4 1 93 289
cam_20 1890 1 2 1206 351
cam_20 1881 1 1 1203 366
cam_20 1906 1 2 1228 344
cam_20 1915 1 1 1214 356
cam_20 1901 1 2 1203 350
cam_20 1898 1 2 1204 342
cam_20 1971 4 2 74 370
cam_20 1935 1 2 1159 361
cam_20 1971 2 4 553 157
cam_20 1974 4 1 86 301
cam_20 1995 2 1 577 167
cam_20 2049 2 1 562 148
cam_20 2043 4 1 137 344
cam_20 2106 4 4 72 282
cam_20 2139 1 1 1200 383
cam_20 2162 1 2 1226 374
cam_20 2163 1 1 1149 392
cam_20 2169 1 1 1189 353
cam_20 2171 1 2 1167 388
cam_20 2248 4 1 128 291
cam_20 2283 4 1 93 295
cam_20 2274 1 1 1193 358
cam_20 2346 5 1 541 170
cam_20 2337 1 1 1192 379
cam_20 2343 2 1 543 151
cam_20 2371 2 1 532 154
cam_20 2392 2 1 554 157
cam_20 2428 2 1 585 160
cam_20 2460 2 1 589 161
cam_20 2503 1 1 1235 349
cam_20 2497 4 1 83 301
cam_20 2551 1 1 1197 378
cam_20 2555 1 1 1164 405
cam_20 2562 1 1 1189 355
cam_20 2558 1 1 1100 413
cam_20 2568 1 2 1210 357
cam_20 2573 1 1 1193 377
cam_20 2578 1 1 1171 394
cam_20 2606 1 2 1232 379
cam_20 2642 4 2 60 341
cam_20 2598 1 1 1126 407
cam_20 2607 1 1 1174 364
cam_20 2605 1 1 1124 391
cam_20 2625 1 1 1075 385
cam_20 2656 1 1 1222 362
cam_20 2675 1 2 1242 366
cam_20 2728 4 1 157 405
cam_20 2716 1 2 1189 355
cam_20 2718 1 1 1138 363
cam_20 2777 2 1 542 144
cam_20 2761 4 1 109 306
cam_20 2787 1 1 1193 357
cam_20 2829 4 1 116 305
cam_20 2839 2 1 646 163
cam_20 2856 2 1 516 145
cam_20 2906 1 2 1199 353
cam_20 2929 2 1 515 146
cam_20 2907 2 2 503 149
cam_20 2916 1 1 1165 365
cam_20 2919 4 1 120 353
cam_20 2979 5 1 464 172
cam_20 2981 3 2 59 408
cam_20 3003 2 1 605 175
cam_20 3044 2 2 487 141
cam_20 3032 1 1 1190 374
cam_20 3030 4 1 150 267
cam_20 3044 1 1 1196 373
cam_20 3072 5 1 565 170
cam_20 3097 1 4 1179 374
cam_20 3103 1 4 1212 364
cam_20 3115 1 2 1143 342
cam_20 3155 1 1 1232 353
cam_20 3165 2 1 539 150
cam_20 3195 1 2 1213 359
cam_20 3238 5 1 499 150
cam_20 3219 6 1 864 604
cam_20 3281 1 1 1170 380
cam_20 3269 2 2 520 147
cam_20 3331 1 2 1199 392
cam_20 3339 5 1 471 155
cam_20 3307 4 1 102 295
cam_20 3321 4 1 84 294
cam_20 3343 1 2 1213 351
cam_20 3375 2 1 532 151
cam_20 3350 4 2 62 343
cam_20 3421 5 1 499 171
cam_20 3394 1 2 1199 349
cam_20 3387 1 1 1210 358
cam_20 3402 1 2 1212 365
cam_20 3433 5 1 480 175
cam_20 3414 1 2 1212 353
cam_20 3436 2 1 547 150
cam_20 3454 4 1 92 311
cam_20 3473 1 1 1181 394
cam_20 3470 4 1 85 294
cam_20 3510 4 1 103 285
cam_20 3543 1 1 1134 342
cam_20 3543 4 2 68 351
cam_20 3571 3 1 140 323
cam_20 3569 2 1 541 148
cam_20 3583 2 1 544 151
cam_20 3568 4 1 76 317
cam_20 3621 5 1 576 172
cam_20 3589 2 1 561 156
cam_20 3612 4 1 127 297
cam_20 3636 3 1 323 444
cam_20 3648 4 1 120 366
cam_20 3684 2 1 521 147
cam_20 3675 4 1 157 352
cam_20 3697 2 1 515 148
cam_20 3686 4 1 76 306
cam_20 3765 1 1 1182 368
cam_20 3798 5 1 562 169
cam_20 3825 5 1 452 149
cam_20 3831 2 2 599 166
cam_20 3882 1 1 1155 384
cam_20 3900 1 1 1126 414
cam_20 3874 4 1 71 302
cam_20 3902 1 1 1218 353
cam_20 3890 4 1 108 304
cam_20 3914 1 2 1230 352
cam_20 3902 4 2 97 301
cam_20 3931 1 1 1237 338
cam_20 3930 1 1 1180 354
cam_20 3908 4 1 95 299
cam_20 3940 1 1 1170 343
cam_20 3930 2 2 605 158
cam_20 3972 2 1 511 149
cam_20 3983 2 1 537 149
cam_20 3968 4 2 116 304
cam_20 3981 4 1 105 308
cam_20 4007 1 1 1200 355
cam_20 4023 4 1 102 303
cam_20 4098 1 2 1176 313
cam_20 4094 1 1 1187 379
cam_20 4102 1 1 1217 351
cam_20 4108 5 1 451 153
cam_20 4158 5 1 474 155
cam_20 4128 2 1 543 156
cam_20 4149 2 2 482 149
cam_20 4163 2 1 532 147
cam_20 4173 2 1 517 146
cam_20 4186 4 1 116 298
cam_20 4186 2 2 538 143
cam_20 4234 2 1 543 148
cam_20 4240 5 1 406 162
cam_20 4254 5 2 475 175
cam_20 4264 5 1 454 169
cam_20 4267 2 4 519 150
cam_20 4299 5 1 476 144
cam_20 4305 2 1 541 145
cam_20 4323 3 1 115 369
cam_20 4289 4 2 74 296
cam_20 4317 2 1 542 148
cam_20 4362 5 2 445 136
cam_20 4342 2 1 548 151
cam_20 4353 3 2 64 411
cam_20 4339 1 1 1175 375
cam_20 4344 4 1 129 293
cam_20 4383 2 1 512 145
cam_20 4419 2 4 463 127
cam_20 4439 5 1 474 157
cam_20 4405 4 1 111 391
cam_20 4428 2 1 567 154
cam_20 4452 2 1 536 145
cam_20 4467 2 1 602 166
cam_20 4475 2 1 504 153
cam_20 4495 2 1 509 150
cam_20 4551 1 1 1129 371
cam_20 4583 2 2 485 142
cam_20 4587 1 1 1182 378
cam_20 4596 1 1 1165 425
cam_20 4612 1 1 1173 374
cam_20 4611 2 1 558 157
cam_20 4615 2 1 483 173
cam_20 4668 4 2 64 347
cam_20 4631 2 1 531 147
cam_20 4634 4 1 91 289
cam_20 4642 4 1 81 302
cam_20 4642 1 1 1200 353
cam_20 4688 1 2 1203 353
cam_20 4673 4 1 70 296
cam_20 4719 1 1 1203 360
cam_20 4734 4 4 42 314
cam_20 4792 1 1 1153 342
cam_20 4787 4 2 50 346
cam_20 4821 1 2 1181 353
cam_20 4845 2 1 489 151
cam_20 4863 5 1 464 152
cam_20 4839 2 1 575 169
cam_20 4881 2 1 608 170
cam_20 4899 5 1 487 186
cam_20 4972 2 2 441 148
cam_20 4980 5 1 532 155
cam_20 4944 4 2 140 384
cam_20 4971 5 1 372 161
cam_20 4959 4 2 111 373
cam_20 4968 4 1 272 397
cam_20 4996 2 1 523 146
cam_20 5002 2 1 583 163
cam_20 5046 5 1 569 150
cam_20 5045 2 1 543 149
cam_20 5028 6 2 907 581
cam_20 5060 2 1 543 147
cam_20 5070 2 2 469 148
cam_20 5081 5 1 443 156
cam_20 5076 2 1 541 149
cam_20 5128 2 2 534 148
cam_20 5155 5 1 542 170
cam_20 5157 3 2 67 397
cam_20 5196 2 2 461 142
cam_20 5244 2 1 566 156
cam_20 5224 4 2 108 323
cam_20 5277 2 2 498 143
cam_20 5313 5 1 476 171
cam_20 5299 2 1 540 153
cam_20 5328 5 1 447 151
cam_20 5309 1 2 1207 349
cam_20 5340 5 1 516 177
cam_20 5332 1 2 1218 361
cam_20 5358 4 1 78 288
cam_20 5380 1 1 1159 334
cam_20 5373 4 2 77 292
cam_20 5428 5 1 526 167
cam_20 5424 1 1 1211 344
cam_20 5458 5 1 589 176
cam_20 5442 4 4 92 289
cam_20 5493 2 1 590 170
cam_20 5489 1 1 1136 384
cam_20 5497 1 1 1199 380
cam_20 5490 4 4 95 291
cam_20 5529 2 1 490 143
cam_20 5540 1 2 1141 386
cam_20 5520 4 2 84 283
cam_20 5568 5 1 561 171
cam_20 5535 4 1 164 278
cam_20 5559 2 1 534 145
cam_20 5556 5 1 595 150
cam_20 5592 2 1 538 144
cam_20 5661 3 2 85 436
cam_20 5680 5 2 490 144
cam_20 5688 2 1 469 171
cam_20 5736 1 1 1156 390
cam_20 5720 1 1 1173 376
cam_20 5718 4 2 134 293
cam_20 5775 2 2 506 142
cam_20 5761 5 1 511 172
cam_20 5730 4 1 85 291
cam_20 5742 4 4 101 304
cam_20 5797 2 1 540 148
cam_20 5812 3 2 114 389
cam_20 5874 1 2 1193 351
cam_20 5906 1 3 1212 393
cam_20 5911 1 1 1156 396
cam_20 5914 1 1 1210 358
cam_20 5913 4 1 58 320
cam_20 5959 1 3 1225 396
cam_20 5933 2 1 534 147
cam_20 5936 1 2 1214 387
cam_20 5972 4 1 90 293
cam_20 6020 1 2 1240 378
cam_20 6012 2 1 570 163
cam_20 6033 2 1 545 146
cam_20 6037 2 2 538 149
cam_20 6104 5 1 537 179
cam_20 6099 1 2 1185 374
cam_20 6165 4 2 63 332
cam_20 6207 5 1 517 157
cam_20 6177 4 1 118 296
cam_20 6213 5 1 571 172
cam_20 6195 5 1 494 176
cam_20 6220 5 1 536 178
cam_20 6193 1 2 1157 360
cam_20 6226 5 1 482 183
cam_20 6247 5 2 453 161
cam_20 6250 5 1 437 173
cam_20 6246 2 1 531 148
cam_20 6250 2 1 540 150
cam_20 6253 3 1 99 354
cam_20 6339 3 2 74 406
cam_20 6360 3 1 69 386
cam_20 6374 5 2 458 145
cam_20 6315 4 4 337 523
cam_20 6318 6 3 1149 506
cam_20 6381 2 1 481 159
cam_20 6381 3 2 52 379
cam_20 6400 2 2 558 155
cam_20 6336 4 1 101 285
cam_20 6438 5 2 469 149
cam_20 6472 5 2 499 180
cam_20 6420 6 4 1181 579
cam_20 6445 2 2 523 149
cam_20 6519 1 1 1180 380
cam_20 6525 1 1 1155 382
cam_20 6529 4 1 70 302
cam_20 6540 2 1 526 149
cam_20 6572 1 2 1179 366
cam_20 6612 5 1 475 161
cam_20 6624 1 2 1205 350
cam_20 6619 5 1 516 165
cam_20 6608 1 2 1203 353
cam_20 6659 1 1 1194 362
cam_20 6667 2 1 540 148
cam_20 6673 2 1 504 156
cam_20 6673 2 2 539 162
cam_20 6676 2 1 475 165
cam_20 6683 1 2 1241 350
cam_20 6717 1 2 1229 349
cam_20 6708 6 2 898 597
cam_20 6733 2 2 521 148
cam_20 6773 6 1 1220 344
cam_20 6744 1 2 1206 360
cam_20 6779 1 2 1234 342
cam_20 6765 4 2 82 294
cam_20 6802 2 1 583 160
cam_20 6828 2 1 560 161
cam_20 6810 4 1 94 304
cam_20 6854 1 1 1211 352
cam_20 6924 3 2 62 405
cam_20 6939 2 1 558 152
cam_20 6942 4 1 154 383
cam_20 6973 4 1 141 296
cam_20 7043 2 2 481 149
cam_20 6995 4 1 83 299
cam_20 7093 5 2 537 157
cam_20 7107 5 2 549 167
cam_20 7113 2 1 586 167
cam_20 7119 2 1 390 171
cam_20 7106 1 1 1106 426
cam_20 7149 2 2 517 143
cam_20 7162 1 1 1217 356
cam_20 7182 1 1 1216 354
cam_20 7199 1 2 1205 365
cam_20 7194 1 2 1212 351
cam_20 7212 1 1 1208 347
cam_20 7190 4 1 124 399
cam_20 7238 2 4 515 149
cam_20 7217 4 1 77 302
cam_20 7239 1 2 1234 376
cam_20 7242 1 1 1167 394
cam_20 7278 1 2 1196 373
cam_20 7287 2 1 530 146
cam_20 7293 1 1 1174 366
cam_20 7301 1 1 1191 375
cam_20 7309 2 2 582 167
cam_20 7350 2 1 541 146
cam_20 7334 6 1 931 611
cam_20 7404 2 1 534 150
cam_20 7477 5 1 524 149
cam_20 7447 1 1 1219 367
cam_20 7458 1 1 1188 385
cam_20 7492 5 1 545 162
cam_20 7481 1 2 1241 374
cam_20 7493 1 2 1211 370
cam_20 7532 2 1 616 174
cam_20 7580 3 2 67 435
cam_20 7622 2 1 537 147
cam_20 7581 6 2 770 639
cam_20 7623 2 1 569 158
cam_20 7601 3 1 126 351
cam_20 7632 2 1 594 164
cam_20 7638 2 1 587 165
cam_20 7701 5 2 558 149
cam_20 7650 6 4 1232 397
cam_20 7704 5 1 557 174
cam_20 7662 4 1 83 284
cam_20 7762 5 2 577 165
cam_20 7818 5 2 494 145
cam_20 7800 1 1 1162 384
cam_20 7853 2 1 520 146
cam_20 7824 1 1 1173 355
cam_20 7842 1 2 1209 360
cam_20 7852 4 1 89 288
cam_20 7930 1 1 1224 364
cam_20 7923 4 4 52 335
cam_20 7910 2 1 566 162
cam_20 7929 4 1 65 316
cam_20 7974 1 2 1218 342
cam_20 8007 1 1 1218 358
cam_20 8086 2 1 496 147
cam_20 8094 1 1 1175 391
cam_20 8092 2 1 569 156
cam_20 8111 2 2 478 148
cam_20 8136 1 2 1201 356
cam_20 8223 2 1 546 146
cam_20 8259 3 2 224 384
cam_20 8223 6 2 992 558
cam_20 8250 2 1 574 154
cam_20 8247 6 2 1120 562
cam_20 8301 2 1 575 152
cam_20 8298 2 1 584 154
cam_20 8297 4 1 95 293
cam_20 8319 2 1 507 149
cam_20 8338 3 2 110 354
cam_20 8312 4 1 108 296
cam_20 8328 4 1 62 295
cam_20 8388 5 2 534 150
cam_20 8346 4 1 95 296
cam_20 8422 5 1 504 150
cam_20 8433 2 1 533 146
cam_20 8415 4 1 69 289
cam_20 8433 2 1 601 173
cam_20 8449 1 1 1209 368
cam_20 8448 2 2 573 158
cam_20 8453 1 1 1178 392
cam_20 8498 1 2 1223 358
cam_20 8487 1 1 1218 360
cam_20 8511 1 1 1190 359
cam_20 8536 1 2 1245 366
cam_20 8579 4 2 54 345
cam_20 8545 1 1 1210 369
cam_20 8543 4 1 101 296
cam_20 8593 1 2 1238 369
cam_20 8620 6 4 865 547
cam_20 8621 4 4 121 302
cam_20 8652 2 1 508 151
cam_20 8661 1 1 1207 368
cam_20 8704 1 2 1164 341
cam_20 8675 4 2 53 343
cam_20 8716 1 1 1080 393
cam_20 8724 1 2 1182 351
cam_20 8735 1 1 1207 356
cam_20 8745 2 2 524 145
cam_20 8787 3 2 109 339
cam_20 8842 5 1 473 178
cam_20 8847 2 2 486 144
cam_20 8866 1 2 1165 370
cam_20 8884 4 1 427 534
cam_20 8898 5 1 469 158
cam_20 8895 4 1 184 397
cam_20 8946 3 2 60 388
cam_20 8947 2 1 614 168
cam_20 8975 3 2 52 369
cam_20 8991 6 1 990 422
cam_20 8997 3 2 71 383
cam_20 9043 5 1 539 159
cam_20 8996 4 1 89 280
cam_20 9057 2 1 568 171
cam_20 9212 4 3 47 338
cam_20 9069 4 1 108 288
cam_20 9124 1 1 1199 358
cam_20 9124 1 1 1160 397
cam_20 9128 1 1 1218 348
cam_20 9158 1 1 1212 363
cam_20 9161 1 1 1210 356
cam_20 9168 4 1 103 301
cam_20 9199 2 1 558 158
cam_20 9199 1 1 1182 381
cam_20 9225 2 1 587 164
cam_20 9242 2 1 528 151
cam_20 9294 1 1 1200 374
cam_20 9306 1 1 1143 335
cam_20 9348 1 2 1153 387
cam_20 9374 1 1 1205 383
cam_20 9347 4 1 105 299
cam_20 9360 1 1 1191 367
cam_20 9384 2 2 510 149
cam_20 9397 2 1 544 150
cam_20 9426 2 1 529 146
cam_20 9450 2 1 523 145
cam_20 9431 4 2 83 270
cam_20 9467 1 1 1198 380
cam_20 9497 2 1 520 148
cam_20 9529 5 1 513 167
cam_20 9525 2 2 529 145
cam_20 9563 3 1 158 385
cam_20 9636 2 2 511 147
cam_20 9570 6 2 1173 493
cam_20 9581 3 2 63 407
cam_20 9652 2 1 637 172
cam_20 9705 2 2 463 151
cam_20 9673 2 1 549 150
cam_20 9741 5 1 588 176
cam_20 9783 1 2 1133 406
cam_20 9785 1 2 1211 371
cam_20 9773 4 1 130 302
cam_20 9798 1 2 1207 372
cam_20 9783 4 1 121 300
cam_20 9810 1 1 1134 355
cam_20 9802 1 1 1130 395
cam_20 9850 2 2 459 111
cam_20 9915 5 1 453 152
cam_20 9877 2 1 581 166
cam_20 9903 1 2 1166 382
cam_20 9924 2 1 563 154
cam_20 9917 1 2 1216 348
cam_20 9929 1 1 1214 362
cam_20 9942 2 2 564 163
cam_20 9978 1 1 1199 361
cam_20 10015 2 1 519 149
cam_20 10013 1 2 1202 403
cam_20 10021 2 1 546 166
cam_20 10035 2 1 568 155
cam_20 10046 2 1 493 154
cam_20 10111 2 1 527 151
cam_20 10165 5 1 481 156
cam_20 10128 4 1 93 301
cam_20 10161 5 1 460 178
cam_20 10192 5 1 541 159
cam_20 10169 3 1 108 339
cam_20 10224 5 1 441 155
cam_20 10245 5 1 466 151
cam_20 10206 2 1 545 148
cam_20 10222 2 1 575 162
cam_20 10242 3 2 61 383
cam_20 10252 6 2 1208 451
cam_20 10278 2 1 511 148
cam_20 10265 4 1 93 297
cam_20 10292 3 2 50 373
cam_20 10273 6 2 1154 512
cam_20 10296 2 1 563 160
cam_20 10297 2 1 558 155
cam_20 10351 2 1 521 152
cam_20 10352 6 2 1215 453
cam_20 10379 1 1 1217 354
cam_20 10375 1 1 1129 414
cam_20 10521 1 3 1243 385
cam_20 10437 2 1 574 159
cam_20 10437 1 1 1185 381
cam_20 10443 1 1 1187 374
cam_20 10464 2 2 489 150
cam_20 10481 1 2 1214 345
cam_20 10491 1 1 1238 353
cam_20 10535 1 1 1216 359
cam_20 10544 4 2 63 342
cam_20 10554 1 1 1208 374
cam_20 10602 5 1 529 159
cam_20 10575 1 2 1191 356
cam_20 10586 1 2 1163 369
cam_20 10598 1 4 1192 371
cam_20 10644 1 1 1168 369
cam_20 10635 1 1 1138 348
cam_20 10678 2 1 611 164
cam_20 10758 2 2 459 122
cam_20 10762 1 1 1146 394
cam_20 10771 1 1 1108 370
cam_20 10771 6 1 800 650
cam_20 10804 2 2 485 145
cam_20 10795 1 1 1121 380
cam_20 10820 2 1 519 150
cam_20 10830 3 2 169 326
cam_20 10850 3 1 128 348
cam_20 10839 5 1 489 165
cam_20 10827 1 1 827 567
cam_20 10830 3 1 352 491
cam_20 10836 4 2 104 369
cam_20 10894 6 2 1097 518
cam_20 10914 2 1 613 174
cam_20 10943 4 1 76 291
cam_20 11022 5 1 477 165
cam_20 11046 2 2 490 145
cam_20 11082 5 2 497 151
cam_20 11109 5 1 531 145
cam_20 11100 1 1 1177 387
cam_20 11120 1 1 1146 392
cam_20 11121 1 1 1175 374
cam_20 11235 1 2 1219 361
cam_20 11191 1 1 1230 356
cam_20 11174 1 1 1187 390
cam_20 11207 1 1 1138 417
cam_20 11230 2 1 548 151
cam_20 11217 1 1 1164 396
cam_20 11290 4 2 57 339
cam_20 11283 1 2 1167 388
cam_20 11298 1 1 1179 375
cam_20 11307 1 2 1172 395
cam_20 11307 4 2 69 308
cam_20 11315 4 1 82 302
cam_20 11379 1 2 1224 391
cam_20 11356 4 2 45 339
cam_20 11362 2 1 643 171
cam_20 11423 4 2 60 325
cam_20 11472 5 1 500 178
cam_20 11494 5 1 439 168
cam_20 11508 2 1 556 160
cam_20 11530 5 1 478 164
cam_20 11548 2 2 457 146
cam_20 11595 3 1 107 348
cam_20 11548 1 1 961 572
cam_20 11626 1 4 1207 361
cam_20 11701 5 1 546 170
cam_20 11724 1 1 1209 348
cam_20 11733 1 2 1209 358
cam_20 11711 4 4 60 297
cam_20 11741 1 1 1188 388
cam_20 11745 1 2 1186 346
cam_20 11756 1 1 1205 365
cam_20 11763 1 2 1237 336
cam_20 11781 1 2 1217 350
cam_20 11770 1 2 1161 340
cam_20 11766 1 2 1122 394
cam_20 11792 1 1 1166 395
cam_20 11795 1 1 1211 348
cam_20 11809 1 2 1209 361
cam_20 11799 1 1 1201 369
cam_20 11797 1 1 1155 338
cam_20 11829 1 1 1205 354
cam_20 11838 1 2 1211 357
cam_20 11844 1 2 1151 330
cam_20 11850 1 2 1176 356
cam_20 11868 1 2 1230 367
cam_20 11880 2 2 542 153
cam_20 11897 1 2 1177 386
cam_20 11892 1 2 1180 374
cam_20 11910 1 1 1148 351
cam_20 11932 1 2 1175 381
cam_20 11959 2 1 549 151
cam_20 11980 2 2 473 148
cam_20 11980 2 1 581 159
cam_20 11994 2 1 617 170
cam_20 11992 1 2 1120 419
cam_20 11985 4 1 121 302
cam_20 12003 4 2 88 298
cam_20 12010 4 1 91 287
cam_20 12025 4 1 121 279
cam_20 12024 2 1 626 167
cam_20 12054 5 1 404 172
cam_20 12067 5 1 476 187
cam_20 12038 2 2 590 167
cam_20 12065 2 2 498 142
cam_20 12093 5 1 510 165
cam_20 12041 1 1 1074 454
cam_20 12045 1 2 1201 409
cam_20 12148 5 1 498 159
cam_20 12138 6 4 917 599
cam_20 12189 5 2 483 157
cam_20 12144 4 1 84 298
cam_20 12213 5 1 534 177
cam_20 12177 6 4 1169 423
cam_20 12210 3 2 69 392
cam_20 12207 6 2 1095 541
cam_20 12207 4 1 93 291
cam_20 12245 3 2 50 393
cam_20 12243 2 1 533 152
cam_20 12230 6 2 1113 516
cam_20 12252 6 2 1190 445
cam_20 12254 2 1 500 150
cam_20 12282 2 2 476 146
cam_20 12306 2 1 556 162
cam_20 12330 2 1 598 159
cam_20 12367 2 1 594 158
cam_20 12370 4 1 77 300
cam_20 12396 1 1 1185 383
cam_20 12463 4 3 91 353
cam_20 12402 4 4 106 294
cam_20 12453 1 4 1196 387
cam_20 12438 2 1 617 173
cam_20 12426 1 1 1169 386
cam_20 12447 1 2 1210 363
cam_20 12528 1 3 1260 356
cam_20 12523 1 1 1066 375
cam_20 12593 1 2 1225 339
cam_20 12606 1 1 1231 349
cam_20 12644 4 1 110 298
cam_20 12666 1 1 1194 351
cam_20 12704 2 1 518 147
cam_20 12720 4 2 67 340
cam_20 12757 1 2 1222 355
cam_20 12778 1 1 933 614
cam_20 12828 2 1 542 158
cam_20 12834 6 2 1191 438
cam_20 12844 2 1 547 148
cam_20 12852 1 1 1063 447
cam_20 12900 5 1 507 163
cam_20 12942 6 4 880 493
cam_20 12972 6 4 1144 417
cam_20 12963 6 2 855 645
cam_20 13005 4 1 127 324
cam_20 13045 2 2 518 152
cam_20 13041 1 2 1186 366
cam_20 13033 1 2 1103 348
cam_20 13080 1 1 1226 352
cam_20 13072 2 1 462 154
cam_20 13081 2 1 597 168
cam_20 13078 2 1 591 162
cam_20 13069 1 1 1228 403
cam_20 13098 4 2 60 319
cam_20 13109 1 1 1171 370
cam_20 13113 1 2 1177 367
cam_20 13125 1 2 1228 344
cam_20 13109 4 1 104 292
cam_20 13134 1 2 1214 353
cam_20 13144 1 2 1233 353
cam_20 13165 1 1 1203 394
cam_20 13151 4 2 87 293
cam_20 13174 1 1 1231 356
cam_20 13164 4 1 102 302
cam_20 13194 1 1 1171 374
cam_20 13216 1 1 1197 371
cam_20 13223 1 2 1191 373
cam_20 13239 4 1 79 299
cam_20 13290 2 2 492 150
cam_20 13263 4 1 84 305
cam_20 13289 4 3 56 322
cam_20 13316 1 2 1214 371
cam_20 13320 4 2 84 376
cam_20 13308 4 1 86 293
cam_20 13346 1 2 1183 363
cam_20 13335 4 1 103 292
cam_20 13497 5 1 521 181
cam_20 13500 3 1 170 378
cam_20 13488 4 1 103 270
cam_20 13500 6 1 842 614
