cam_21 125 1 1 114 505
cam_21 147 5 1 107 485
cam_21 221 1 1 144 511
cam_21 282 1 1 95 476
cam_21 292 2 1 726 235
cam_21 398 2 1 721 217
cam_21 560 2 2 687 214
cam_21 640 1 4 147 588
cam_21 617 2 1 719 221
cam_21 691 1 4 82 523
cam_21 713 2 1 725 221
cam_21 753 6 2 14 338
cam_21 726 2 1 697 224
cam_21 888 2 1 739 228
cam_21 936 2 1 693 269
cam_21 1014 2 1 725 207
cam_21 1056 2 1 720 238
cam_21 1056 1 1 147 500
cam_21 1083 2 1 723 217
cam_21 1106 1 1 164 517
cam_21 1314 2 1 694 217
cam_21 1402 2 1 679 229
cam_21 1420 2 1 656 243
cam_21 1498 1 1 158 457
cam_21 1567 2 1 731 224
cam_21 1582 5 1 89 498
cam_21 1644 2 1 716 215
cam_21 1681 2 1 741 206
cam_21 1719 2 1 712 272
cam_21 1753 2 1 722 241
cam_21 1815 2 1 675 224
cam_21 1888 2 1 738 205
cam_21 1896 2 1 716 244
cam_21 1941 2 3 679 209
cam_21 1956 2 1 716 213
cam_21 2003 1 1 131 497
cam_21 2104 2 4 683 211
cam_21 2118 2 1 708 259
cam_21 2190 1 4 84 527
cam_21 2230 2 1 751 205
cam_21 2207 1 1 251 568
cam_21 2257 5 1 82 493
cam_21 2286 1 1 113 514
cam_21 2371 2 1 696 218
cam_21 2376 2 1 731 226
cam_21 2559 1 1 132 506
cam_21 2636 2 1 708 219
cam_21 2639 2 1 662 212
cam_21 2730 2 1 726 217
cam_21 2778 2 1 679 219
cam_21 2790 1 1 98 495
cam_21 2874 2 1 729 214
cam_21 2882 2 4 688 195
cam_21 2898 2 1 665 232
cam_21 2898 2 1 743 250
cam_21 2919 2 1 699 227
cam_21 2974 2 1 730 231
cam_21 2994 2 2 697 214
cam_21 3074 6 1 140 300
cam_21 3100 2 1 707 219
cam_21 3204 2 1 727 265
cam_21 3214 5 3 122 532
cam_21 3370 2 4 687 220
cam_21 3696 5 1 157 520
cam_21 3813 2 1 693 210
cam_21 3813 2 1 634 220
cam_21 3966 2 1 729 230
cam_21 4200 2 4 691 185
cam_21 4194 4 2 581 207
cam_21 4216 2 1 706 216
cam_21 4226 2 1 694 219
cam_21 4267 2 1 691 212
cam_21 4308 2 1 697 223
cam_21 4417 2 1 721 216
cam_21 4469 1 1 124 503
cam_21 4520 2 1 711 213
cam_21 4552 2 1 701 215
cam_21 4571 2 1 704 226
cam_21 4607 1 1 163 538
cam_21 4708 1 2 118 517
cam_21 4734 2 2 677 211
cam_21 4726 1 3 91 551
cam_21 4741 2 1 651 213
cam_21 4852 1 4 137 494
cam_21 4928 1 1 150 555
cam_21 4911 5 1 153 530
cam_21 4975 1 1 186 465
cam_21 5054 2 4 669 190
cam_21 5059 2 1 720 217
cam_21 5118 2 1 706 217
cam_21 5119 2 1 746 223
cam_21 5126 2 1 720 233
cam_21 5327 2 4 685 210
cam_21 5346 5 1 156 435
cam_21 5559 2 1 700 217
cam_21 5592 2 1 717 239
cam_21 5613 2 1 705 217
cam_21 5622 2 1 725 221
cam_21 5617 2 1 687 214
cam_21 5640 1 4 136 558
cam_21 5724 2 4 676 191
cam_21 5736 2 2 668 229
cam_21 5793 2 2 672 212
cam_21 5811 2 3 677 195
cam_21 5862 2 1 683 228
cam_21 6075 2 1 736 212
cam_21 6071 4 4 650 191
cam_21 6134 2 1 716 212
cam_21 6218 2 1 693 218
cam_21 6322 2 3 705 184
cam_21 6345 2 1 710 215
cam_21 6517 2 1 686 213
cam_21 6591 2 1 697 224
cam_21 6748 1 4 173 469
cam_21 6916 2 1 686 214
cam_21 7026 2 1 717 213
cam_21 7052 1 1 104 505
cam_21 7114 1 1 132 520
cam_21 7121 2 1 717 214
cam_21 7148 2 3 693 204
cam_21 7184 1 1 120 510
cam_21 7199 2 1 723 213
cam_21 7213 2 4 667 191
cam_21 7242 2 2 678 206
cam_21 7251 2 1 705 224
cam_21 7255 2 1 709 220
cam_21 7301 2 4 718 211
cam_21 7358 2 1 715 210
cam_21 7417 2 1 707 218
cam_21 7434 2 1 708 247
cam_21 7444 1 1 139 526
cam_21 7473 2 1 701 224
cam_21 7484 2 1 683 217
cam_21 7712 2 1 651 266
cam_21 7722 2 1 710 220
cam_21 7713 5 1 117 514
cam_21 7736 2 2 653 203
cam_21 7748 2 1 715 210
cam_21 7779 1 1 73 491
cam_21 7785 2 1 691 216
cam_21 7983 4 4 643 180
cam_21 8004 2 2 681 209
cam_21 8029 2 1 695 215
cam_21 8077 2 1 675 208
cam_21 8114 2 1 696 213
cam_21 8110 2 1 620 239
cam_21 8158 2 2 630 254
cam_21 8191 2 1 746 208
cam_21 8205 2 1 688 266
cam_21 8420 2 3 640 205
cam_21 8448 2 1 669 213
cam_21 8733 2 1 664 217
cam_21 8501 2 3 670 190
cam_21 8542 2 2 684 208
cam_21 8586 2 1 669 221
cam_21 8687 2 1 719 222
cam_21 8715 2 2 660 223
cam_21 8834 1 1 102 514
cam_21 8870 2 2 685 213
cam_21 8873 1 1 88 498
cam_21 9216 2 3 675 180
cam_21 9342 2 4 686 215
cam_21 9483 2 4 639 236
cam_21 9626 2 1 715 218
cam_21 9690 2 1 698 215
cam_21 9718 2 1 730 204
cam_21 9774 4 4 668 209
cam_21 9769 1 4 39 508
cam_21 9772 2 2 668 209
cam_21 9791 1 2 94 567
cam_21 9967 2 1 740 221
cam_21 10182 2 1 713 226
cam_21 10276 2 1 721 210
cam_21 10410 4 4 672 184
cam_21 10426 2 1 740 212
cam_21 10509 2 1 704 218
cam_21 10612 2 4 681 195
cam_21 10752 1 4 54 524
cam_21 10758 1 1 110 433
cam_21 10767 1 1 237 545
cam_21 10821 1 4 112 520
cam_21 10802 2 1 733 223
cam_21 10818 2 1 727 208
cam_21 10907 2 1 701 225
cam_21 10913 2 1 739 230
cam_21 11028 1 1 109 479
cam_21 11079 2 2 663 213
cam_21 11071 1 1 119 512
cam_21 11172 2 1 713 228
cam_21 11370 1 3 83 540
cam_21 11369 2 2 673 209
cam_21 11412 1 1 118 460
cam_21 11468 2 3 680 206
cam_21 11590 3 4 49 334
cam_21 11614 1 1 225 559
cam_21 11874 1 1 122 441
cam_21 11860 2 1 684 215
cam_21 11868 1 1 177 522
cam_21 12019 1 4 121 544
cam_21 12036 1 1 111 508
cam_21 12066 2 1 721 222
cam_21 12267 2 1 704 224
cam_21 12375 2 4 683 197
cam_21 12431 2 2 649 211
cam_21 12434 2 1 730 227
cam_21 12476 1 1 118 548
cam_21 12577 1 1 103 508
cam_21 12734 4 1 681 217
cam_21 12783 2 1 717 219
cam_21 12778 2 1 670 266
cam_21 12873 1 2 159 569
cam_21 13008 2 2 670 213
cam_21 13056 1 1 141 491
cam_21 13077 2 1 700 223
cam_21 13285 2 1 717 220
cam_21 13317 2 1 738 220
cam_21 13307 2 1 670 217
cam_21 13372 2 1 706 240
cam_21 13437 1 4 78 509
