cam_03 145 2 4 687 189
cam_03 85 1 2 357 585
cam_03 16 1 4 80 580
cam_03 105 1 4 86 514
cam_03 25 1 1 27 398
cam_03 85 2 1 889 227
cam_03 120 1 4 124 578
cam_03 198 2 2 738 215
cam_03 218 2 1 909 227
cam_03 245 2 2 723 213
cam_03 283 1 1 30 399
cam_03 262 1 1 122 343
cam_03 351 2 3 773 188
cam_03 349 1 1 33 406
cam_03 378 2 1 910 227
cam_03 367 2 1 884 226
cam_03 397 2 1 915 246
cam_03 531 2 4 659 196
cam_03 414 2 1 892 228
cam_03 420 2 1 919 229
cam_03 453 2 1 893 228
cam_03 474 1 1 5 434
cam_03 470 2 1 890 228
cam_03 482 2 1 909 227
cam_03 460 1 1 161 362
cam_03 701 2 4 670 185
cam_03 672 2 4 780 206
cam_03 537 2 1 902 228
cam_03 570 2 1 906 228
cam_03 603 2 2 897 231
cam_03 717 2 2 765 220
cam_03 611 2 2 889 225
cam_03 779 2 2 678 205
cam_03 600 1 1 20 402
cam_03 687 2 1 925 241
cam_03 759 2 2 768 217
cam_03 801 2 2 659 228
cam_03 717 2 1 878 229
cam_03 921 2 2 693 186
cam_03 781 1 1 46 404
cam_03 771 2 1 888 226
cam_03 895 1 2 357 570
cam_03 1034 2 4 677 195
cam_03 1002 1 4 222 500
cam_03 986 1 1 88 346
cam_03 1139 2 4 684 193
cam_03 963 2 2 784 218
cam_03 1045 1 1 37 370
cam_03 1135 1 2 76 557
cam_03 1125 2 2 897 229
cam_03 1153 1 1 31 407
cam_03 1262 2 2 698 216
cam_03 1276 2 2 786 222
cam_03 1295 2 2 680 216
cam_03 1295 2 2 753 219
cam_03 1208 2 1 894 231
cam_03 1334 2 2 741 219
cam_03 1352 2 2 673 215
cam_03 1265 2 1 902 228
cam_03 1370 2 2 764 222
cam_03 1411 2 2 758 216
cam_03 1410 2 2 671 212
cam_03 1329 1 1 105 355
cam_03 1370 2 1 908 227
cam_03 1386 2 1 901 232
cam_03 1509 2 2 766 223
cam_03 1516 2 2 763 247
cam_03 1623 2 3 764 192
cam_03 1659 2 4 668 197
cam_03 1676 2 2 759 219
cam_03 1680 1 4 201 572
cam_03 1714 2 2 737 227
cam_03 1609 2 1 894 228
cam_03 1713 2 2 660 214
cam_03 1730 1 2 191 583
cam_03 1789 2 4 766 201
cam_03 1728 1 1 14 423
cam_03 1770 2 2 666 218
cam_03 1803 2 2 661 218
cam_03 1837 2 2 762 220
cam_03 1872 2 2 772 222
cam_03 1853 2 2 675 210
cam_03 1821 1 4 175 589
cam_03 1897 2 2 694 212
cam_03 1841 2 1 880 228
cam_03 1947 2 4 764 206
cam_03 1936 1 1 25 417
cam_03 1934 2 3 687 215
cam_03 1848 2 1 918 262
cam_03 1986 2 2 727 216
cam_03 2005 2 2 670 215
cam_03 2058 2 2 772 233
cam_03 1954 2 1 910 250
cam_03 2085 2 2 655 215
cam_03 1971 2 1 878 226
cam_03 1996 1 1 12 452
cam_03 1972 1 1 82 411
cam_03 1987 2 1 898 231
cam_03 2166 2 2 756 198
cam_03 2126 2 2 664 213
cam_03 1984 1 1 149 408
cam_03 2016 1 1 59 499
cam_03 2037 2 1 897 226
cam_03 2023 2 1 938 268
cam_03 2217 2 2 769 220
cam_03 2103 2 1 904 228
cam_03 2259 2 2 773 221
cam_03 2134 2 1 931 263
cam_03 2175 2 1 903 231
cam_03 2232 2 2 676 214
cam_03 2211 1 1 14 390
cam_03 2304 2 2 750 220
cam_03 2351 2 3 796 198
cam_03 2316 2 2 685 217
cam_03 2352 1 4 216 545
cam_03 2389 2 4 673 205
cam_03 2410 2 2 654 218
cam_03 2405 2 2 777 222
cam_03 2441 2 2 777 216
cam_03 2491 2 4 657 199
cam_03 2377 1 1 21 450
cam_03 2386 1 1 59 522
cam_03 2416 1 4 65 594
cam_03 2507 2 4 779 197
cam_03 2394 1 1 23 418
cam_03 2547 2 4 695 189
cam_03 2446 1 1 23 447
cam_03 2433 1 1 107 358
cam_03 2419 1 1 19 422
cam_03 2454 1 1 106 412
cam_03 2503 1 4 76 573
cam_03 2586 2 4 782 214
cam_03 2701 2 4 696 185
cam_03 2622 1 4 51 574
cam_03 2822 2 2 717 187
cam_03 2671 2 1 894 228
cam_03 2727 1 1 14 393
cam_03 2750 2 1 914 228
cam_03 2748 1 1 55 375
cam_03 2817 1 1 131 343
cam_03 2841 1 1 14 426
cam_03 2844 2 1 913 227
cam_03 2850 2 1 920 239
cam_03 2915 2 1 882 224
cam_03 2958 2 2 691 216
cam_03 2958 2 1 912 236
cam_03 2981 1 2 80 572
cam_03 2982 1 2 328 559
cam_03 3039 2 2 697 213
cam_03 3019 2 1 905 256
cam_03 3117 1 2 294 580
cam_03 3093 1 4 47 531
cam_03 3179 2 2 749 214
cam_03 3220 2 2 775 215
cam_03 3178 2 1 892 228
cam_03 3280 2 4 674 211
cam_03 3243 1 2 244 550
cam_03 3187 2 1 889 233
cam_03 3223 2 2 903 231
cam_03 3321 2 2 680 217
cam_03 3351 2 4 772 196
cam_03 3289 1 4 43 565
cam_03 3250 2 1 897 231
cam_03 3264 1 2 142 530
cam_03 3368 2 2 673 214
cam_03 3300 1 2 204 557
cam_03 3341 1 2 387 561
cam_03 3324 1 2 365 575
cam_03 3303 2 1 901 228
cam_03 3427 2 2 655 219
cam_03 3306 1 4 47 513
cam_03 3334 1 4 51 553
cam_03 3408 2 2 768 221
cam_03 3380 1 2 335 580
cam_03 3378 1 2 74 440
cam_03 3355 1 2 74 584
cam_03 3357 2 1 898 229
cam_03 3402 1 1 57 371
cam_03 3372 2 1 932 261
cam_03 3417 1 1 22 455
cam_03 3421 2 2 772 244
cam_03 3423 2 1 919 234
cam_03 3498 1 4 69 569
cam_03 3494 2 2 777 212
cam_03 3444 2 1 905 227
cam_03 3388 1 1 17 525
cam_03 3408 1 1 123 456
cam_03 3539 2 3 685 186
cam_03 3462 1 1 45 447
cam_03 3533 2 2 758 208
cam_03 3570 2 4 765 216
cam_03 3616 2 4 680 205
cam_03 3606 1 1 20 461
cam_03 3586 1 1 51 424
cam_03 3639 1 1 28 403
cam_03 3775 2 4 669 187
cam_03 3692 2 4 786 204
cam_03 3720 2 1 922 236
cam_03 3750 2 2 771 215
cam_03 3892 2 4 679 180
cam_03 3741 2 1 901 227
cam_03 3744 1 1 50 370
cam_03 3736 1 1 115 446
cam_03 3740 1 1 36 534
cam_03 3827 2 1 896 227
cam_03 3844 2 1 898 228
cam_03 3895 1 4 163 511
cam_03 3837 1 2 114 559
cam_03 3955 2 2 696 212
cam_03 4013 2 4 755 209
cam_03 3939 1 1 21 370
cam_03 3978 2 1 905 227
cam_03 4059 2 2 681 213
cam_03 4026 1 1 13 452
cam_03 4077 2 2 758 220
cam_03 4087 1 1 18 420
cam_03 4140 2 2 775 221
cam_03 4156 1 2 87 580
cam_03 4179 2 2 766 217
cam_03 4269 2 2 657 235
cam_03 4227 2 2 773 215
cam_03 4272 2 4 754 222
cam_03 4273 1 4 203 585
cam_03 4232 1 2 176 578
cam_03 4191 1 1 26 432
cam_03 4345 2 4 685 199
cam_03 4278 1 1 47 376
cam_03 4384 2 2 658 216
cam_03 4363 2 4 782 209
cam_03 4299 1 1 20 439
cam_03 4336 1 4 227 518
cam_03 4344 1 4 278 563
cam_03 4414 2 4 776 216
cam_03 4427 2 4 676 215
cam_03 4327 2 4 682 238
cam_03 4464 2 2 772 217
cam_03 4464 2 2 688 215
cam_03 4374 2 4 790 264
cam_03 4510 2 4 681 214
cam_03 4544 2 4 772 199
cam_03 4437 2 1 897 232
cam_03 4467 1 1 18 439
cam_03 4549 2 4 680 216
cam_03 4551 2 2 762 248
cam_03 4593 2 2 677 216
cam_03 4665 2 4 794 199
cam_03 4525 2 1 901 232
cam_03 4633 2 2 683 214
cam_03 4668 2 2 714 213
cam_03 4656 1 4 88 583
cam_03 4713 2 4 771 207
cam_03 4614 1 1 13 423
cam_03 4709 2 2 675 212
cam_03 4622 1 1 122 500
cam_03 4754 2 2 762 217
cam_03 4726 1 2 105 585
cam_03 4673 2 1 909 229
cam_03 4692 1 1 25 486
cam_03 4804 2 1 768 237
cam_03 4828 1 4 120 532
cam_03 4764 2 1 889 229
cam_03 4857 2 4 771 207
cam_03 4907 2 4 770 199
cam_03 4879 1 1 18 381
cam_03 4955 2 4 769 207
cam_03 4843 2 4 800 213
cam_03 4864 2 1 930 262
cam_03 4903 2 1 929 246
cam_03 5042 2 4 770 203
cam_03 5095 2 4 766 219
cam_03 4998 2 1 909 250
cam_03 5125 2 2 675 213
cam_03 5130 2 1 772 208
cam_03 5207 2 2 783 190
cam_03 5235 2 3 685 190
cam_03 5157 1 2 81 583
cam_03 5272 2 4 778 207
cam_03 5300 2 4 694 217
cam_03 5303 2 2 763 218
cam_03 5330 2 4 665 215
cam_03 5332 2 2 762 226
cam_03 5268 2 1 888 226
cam_03 5367 2 2 692 213
cam_03 5373 2 2 769 217
cam_03 5277 2 3 777 216
cam_03 5418 2 2 671 213
cam_03 5400 2 2 748 221
cam_03 5347 2 1 915 254
cam_03 5445 2 2 766 219
cam_03 5481 2 2 667 215
cam_03 5383 1 1 26 431
cam_03 5500 2 2 764 221
cam_03 5528 2 2 678 217
cam_03 5418 1 1 16 394
cam_03 5574 2 2 691 212
cam_03 5452 1 1 15 402
cam_03 5539 2 2 763 221
cam_03 5484 1 2 307 566
cam_03 5547 2 2 775 244
cam_03 5503 1 2 301 556
cam_03 5586 2 2 665 257
cam_03 5518 1 1 43 428
cam_03 5577 2 4 795 228
cam_03 5561 1 2 96 418
cam_03 5696 2 2 734 192
cam_03 5598 2 1 918 230
cam_03 5605 1 1 20 433
cam_03 5621 2 2 898 223
cam_03 5631 1 1 32 450
cam_03 5708 1 2 140 561
cam_03 5912 2 4 663 175
cam_03 5736 1 2 208 582
cam_03 5820 2 2 778 216
cam_03 5763 1 1 107 378
cam_03 5860 1 4 24 515
cam_03 5853 2 2 775 222
cam_03 5940 2 4 774 206
cam_03 5976 2 2 763 222
cam_03 5895 2 1 905 231
cam_03 5968 1 4 388 564
cam_03 6019 2 2 769 218
cam_03 5958 2 1 936 262
cam_03 5985 1 1 48 393
cam_03 6051 2 2 665 214
cam_03 5991 1 1 60 496
cam_03 6134 2 4 771 210
cam_03 6058 2 3 759 218
cam_03 6087 2 2 658 239
cam_03 6055 2 2 888 227
cam_03 6166 2 4 671 198
cam_03 6183 2 2 742 218
cam_03 6105 1 2 145 563
cam_03 6090 1 1 7 421
cam_03 6208 2 2 747 264
cam_03 6147 1 2 98 574
cam_03 6299 2 2 771 220
cam_03 6337 2 2 783 219
cam_03 6220 1 1 26 475
cam_03 6317 2 2 678 213
cam_03 6371 2 2 705 212
cam_03 6236 2 2 752 219
cam_03 6241 1 1 25 378
cam_03 6248 2 1 919 252
cam_03 6390 2 2 668 217
cam_03 6381 2 2 766 219
cam_03 6438 2 2 656 212
cam_03 6480 2 2 671 212
cam_03 6462 2 4 770 212
cam_03 6406 2 3 763 227
cam_03 6498 2 2 765 217
cam_03 6457 1 1 29 421
cam_03 6449 1 2 94 543
cam_03 6528 2 4 700 206
cam_03 6564 2 4 782 209
cam_03 6553 1 1 20 431
cam_03 6711 2 4 787 203
cam_03 6667 2 3 691 242
cam_03 6763 2 3 673 183
cam_03 6663 2 4 695 249
cam_03 6789 2 2 765 221
cam_03 6772 2 1 879 226
cam_03 6751 2 2 758 222
cam_03 6775 1 2 94 578
cam_03 6833 2 2 776 219
cam_03 6900 2 4 779 207
cam_03 6841 1 1 167 365
cam_03 6977 2 4 773 197
cam_03 6867 1 1 16 507
cam_03 7018 1 4 204 587
cam_03 7017 2 2 784 220
cam_03 6973 1 4 57 574
cam_03 6984 2 3 672 214
cam_03 6972 2 1 899 229
cam_03 7024 2 2 666 214
cam_03 6979 2 1 898 250
cam_03 7061 2 3 677 215
cam_03 7159 2 4 784 198
cam_03 7142 2 4 662 211
cam_03 7215 2 4 790 208
cam_03 7140 2 1 915 233
cam_03 7097 2 2 915 227
cam_03 7209 2 2 672 217
cam_03 7249 2 4 669 215
cam_03 7257 2 2 788 220
cam_03 7149 1 1 31 411
cam_03 7330 2 4 777 213
cam_03 7416 2 4 693 215
cam_03 7439 2 2 782 216
cam_03 7546 2 2 780 195
cam_03 7391 2 4 777 211
cam_03 7384 1 2 73 585
cam_03 7407 1 2 104 584
cam_03 7470 1 2 307 589
cam_03 7473 2 1 900 256
cam_03 7483 1 1 16 483
cam_03 7471 1 1 156 410
cam_03 7610 2 4 787 209
cam_03 7610 2 1 890 225
cam_03 7743 2 4 695 203
cam_03 7690 2 2 788 243
cam_03 7665 2 1 924 254
cam_03 7738 2 4 684 264
cam_03 7748 2 3 762 219
cam_03 7755 1 4 118 533
cam_03 7761 2 2 788 242
cam_03 7793 1 2 106 565
cam_03 7921 2 2 754 193
cam_03 7839 1 1 15 386
cam_03 7833 1 1 31 422
cam_03 7975 2 4 745 221
cam_03 8028 2 4 752 208
cam_03 7932 2 1 922 242
cam_03 8053 2 2 759 206
cam_03 8092 2 2 771 262
cam_03 8121 2 2 676 214
cam_03 8040 2 1 896 227
cam_03 8078 2 1 917 228
cam_03 8169 2 2 777 220
cam_03 8169 2 2 673 214
cam_03 8254 2 2 777 211
cam_03 8134 2 3 760 217
cam_03 8128 1 1 26 402
cam_03 8121 1 2 15 452
cam_03 8250 2 2 675 215
cam_03 8184 2 4 780 233
cam_03 8148 1 2 24 407
cam_03 8307 2 4 778 206
cam_03 8301 2 2 679 213
cam_03 8245 2 1 928 262
cam_03 8260 2 1 929 255
cam_03 8283 2 1 895 245
cam_03 8287 1 1 6 464
cam_03 8395 2 1 894 234
cam_03 8463 2 1 931 266
cam_03 8464 1 1 18 423
cam_03 8454 1 1 162 381
cam_03 8533 2 2 783 220
cam_03 8643 2 4 730 187
cam_03 8547 2 1 887 230
cam_03 8518 1 2 120 563
cam_03 8562 1 2 319 539
cam_03 8609 2 1 886 226
cam_03 8682 2 2 687 215
cam_03 8685 2 4 787 206
cam_03 8723 2 4 679 215
cam_03 8658 1 2 84 584
cam_03 8721 2 2 766 219
cam_03 8697 1 2 104 584
cam_03 8772 2 4 670 210
cam_03 8781 1 4 329 535
cam_03 8805 2 1 795 222
cam_03 8822 2 2 677 213
cam_03 8808 1 1 11 437
cam_03 8893 1 2 370 585
cam_03 8875 2 1 922 250
cam_03 8919 2 3 760 205
cam_03 8869 1 1 25 409
cam_03 8922 2 1 934 264
cam_03 8934 1 2 286 577
cam_03 8940 1 1 12 414
cam_03 9003 1 2 331 554
cam_03 8988 1 1 344 511
cam_03 9092 2 4 705 203
cam_03 9048 1 1 8 472
cam_03 9086 2 1 906 229
cam_03 9179 2 3 773 214
cam_03 9174 2 4 677 211
cam_03 9152 2 2 899 222
cam_03 9304 2 4 773 196
cam_03 9241 2 4 674 214
cam_03 9289 2 1 774 262
cam_03 9364 2 4 785 214
cam_03 9406 2 2 674 214
cam_03 9287 2 4 720 208
cam_03 9327 1 4 94 542
cam_03 9358 1 1 21 460
cam_03 9419 2 4 773 219
cam_03 9375 2 4 788 219
cam_03 9408 2 1 938 262
cam_03 9520 2 2 779 233
cam_03 9551 2 4 720 218
cam_03 9582 2 4 805 212
cam_03 9604 2 4 688 202
cam_03 9633 2 2 757 215
cam_03 9588 2 1 894 230
cam_03 9780 2 2 678 211
cam_03 9828 2 2 774 215
cam_03 9762 2 1 930 251
cam_03 9976 2 4 740 220
cam_03 9837 2 1 906 229
cam_03 10000 2 4 659 214
cam_03 9916 1 1 20 408
cam_03 9966 1 4 103 525
cam_03 10018 2 4 677 262
cam_03 10038 2 2 922 253
cam_03 10044 1 1 44 375
cam_03 10157 2 4 689 216
cam_03 10191 2 3 680 213
cam_03 10134 1 2 87 590
cam_03 10159 1 1 21 389
cam_03 10233 2 4 734 216
cam_03 10195 2 1 901 238
cam_03 10254 2 2 749 219
cam_03 10174 1 1 106 377
cam_03 10348 2 2 697 186
cam_03 10248 2 1 908 230
cam_03 10260 1 4 150 559
cam_03 10257 1 4 292 470
cam_03 10293 2 1 896 245
cam_03 10412 2 3 704 216
cam_03 10396 1 2 146 584
cam_03 10386 2 1 913 257
cam_03 10449 2 2 756 216
cam_03 10473 2 1 902 258
cam_03 10499 1 2 198 555
cam_03 10696 2 1 901 231
cam_03 10531 1 1 49 391
cam_03 10667 2 4 686 195
cam_03 10640 2 2 777 215
cam_03 10560 1 1 34 445
cam_03 10593 1 1 22 423
cam_03 10610 1 4 133 583
cam_03 10674 2 2 774 221
cam_03 10764 2 2 731 228
cam_03 10704 2 2 765 221
cam_03 10782 2 4 769 209
cam_03 10822 2 4 770 203
cam_03 10776 1 4 468 427
cam_03 10788 1 4 288 582
cam_03 10795 1 4 463 424
cam_03 10857 1 1 15 382
cam_03 10911 1 1 93 392
cam_03 11041 2 4 760 202
cam_03 11117 2 4 774 198
cam_03 11101 1 2 19 454
cam_03 11155 2 1 900 229
cam_03 11280 2 4 772 207
cam_03 11445 2 2 774 219
cam_03 11505 2 4 696 213
cam_03 11487 1 4 58 422
cam_03 11541 2 4 765 222
cam_03 11624 2 4 664 198
cam_03 11535 2 3 759 232
cam_03 11581 2 3 779 226
cam_03 11535 1 2 96 525
cam_03 11690 2 4 678 198
cam_03 11671 2 3 773 220
cam_03 11590 1 4 404 430
cam_03 11757 2 4 679 219
cam_03 11613 2 2 773 246
cam_03 11706 1 4 85 549
cam_03 11736 2 2 770 218
cam_03 11713 2 1 909 248
cam_03 11838 2 2 664 216
cam_03 11846 2 2 762 219
cam_03 11799 2 3 668 233
cam_03 11884 2 2 769 221
cam_03 11838 2 2 718 207
cam_03 11889 2 4 672 213
cam_03 11919 2 4 756 220
cam_03 11862 1 2 323 581
cam_03 11983 2 2 694 211
cam_03 11919 2 1 909 252
cam_03 11983 2 2 744 218
cam_03 11998 2 2 665 224
cam_03 12030 2 4 786 202
cam_03 11977 1 2 369 587
cam_03 12074 2 4 678 189
cam_03 11998 1 1 25 416
cam_03 11974 2 4 748 243
cam_03 12025 2 1 953 269
cam_03 12025 1 4 90 580
cam_03 12153 2 4 670 192
cam_03 12036 2 3 788 257
cam_03 12149 2 2 770 219
cam_03 12072 2 4 782 221
cam_03 12082 1 2 307 591
cam_03 12093 2 2 788 229
cam_03 12138 2 1 934 262
cam_03 12157 1 1 9 393
cam_03 12168 1 1 40 374
cam_03 12282 2 2 765 216
cam_03 12285 2 1 885 233
cam_03 12294 2 1 898 250
cam_03 12261 1 1 146 352
cam_03 12325 2 1 912 253
cam_03 12398 2 4 700 214
cam_03 12457 2 4 695 194
cam_03 12503 2 2 767 211
cam_03 12591 2 4 775 196
cam_03 12472 1 1 13 439
cam_03 12651 2 4 761 204
cam_03 12525 2 1 922 240
cam_03 12667 2 2 773 268
cam_03 12579 1 4 493 420
cam_03 12722 2 2 698 215
cam_03 12734 2 2 766 218
cam_03 12793 2 4 830 228
cam_03 12802 1 4 497 444
cam_03 12927 2 4 668 176
cam_03 12951 2 3 780 196
cam_03 12829 1 4 474 466
cam_03 13014 2 2 750 219
cam_03 12978 2 2 686 216
cam_03 12913 1 1 130 350
cam_03 12936 1 1 29 396
cam_03 12967 1 4 49 540
cam_03 13012 2 4 666 258
cam_03 13096 2 2 773 225
cam_03 13068 2 4 685 212
cam_03 13053 1 4 114 545
cam_03 13018 2 2 901 230
cam_03 13109 2 4 674 212
cam_03 13240 2 4 768 197
cam_03 13068 1 2 158 578
cam_03 13185 2 2 655 212
cam_03 13110 2 4 724 207
cam_03 13162 1 1 124 361
cam_03 13322 2 4 662 201
cam_03 13204 2 1 942 261
cam_03 13372 2 2 764 213
cam_03 13210 1 1 29 390
cam_03 13257 1 1 56 390
cam_03 13296 1 2 128 567
cam_03 13332 2 1 914 261
cam_03 13449 2 2 740 218
cam_03 13383 2 3 688 213
cam_03 13377 2 2 895 234
cam_03 13445 2 3 667 213
cam_03 13389 1 1 22 401
cam_03 13386 2 1 921 248
cam_03 13491 2 2 675 217
cam_03 13499 2 4 766 210
cam_03 13474 1 4 40 579
cam_03 13483 2 1 933 263
cam_03 13487 1 2 272 586
