cam_16 10 1 1 776 599
cam_16 6 3 1 1055 521
cam_16 6 1 1 708 624
cam_16 36 2 4 704 178
cam_16 66 2 1 563 197
cam_16 49 1 1 631 590
cam_16 62 3 1 1040 543
cam_16 32 1 1 642 600
cam_16 57 3 1 1110 525
cam_16 56 3 1 996 565
cam_16 48 1 4 1011 591
cam_16 24 1 1 625 542
cam_16 21 3 1 1103 544
cam_16 88 1 1 700 588
cam_16 71 3 1 1068 544
cam_16 57 1 1 651 596
cam_16 96 1 1 635 605
cam_16 101 1 2 1167 592
cam_16 110 1 2 955 604
cam_16 90 2 1 509 185
cam_16 161 1 1 771 600
cam_16 144 1 1 662 594
cam_16 132 1 1 785 593
cam_16 138 2 1 537 198
cam_16 160 1 1 699 556
cam_16 207 2 2 686 184
cam_16 153 1 1 449 636
cam_16 167 1 1 686 610
cam_16 182 3 3 1182 587
cam_16 189 3 1 1061 551
cam_16 308 1 2 617 600
cam_16 218 1 2 1145 558
cam_16 267 1 2 877 490
cam_16 240 3 2 1185 568
cam_16 324 1 2 1178 577
cam_16 299 3 1 1166 572
cam_16 223 1 1 490 565
cam_16 210 3 2 984 608
cam_16 299 3 4 967 607
cam_16 327 1 1 516 630
cam_16 369 1 2 815 564
cam_16 258 1 1 585 582
cam_16 323 1 2 787 619
cam_16 299 1 1 562 601
cam_16 377 3 1 1000 573
cam_16 354 1 2 994 606
cam_16 307 1 1 555 564
cam_16 334 3 1 1028 486
cam_16 384 1 2 816 622
cam_16 334 2 2 624 180
cam_16 330 1 1 545 589
cam_16 339 3 2 1038 601
cam_16 342 1 1 449 563
cam_16 350 1 1 688 632
cam_16 362 1 2 823 609
cam_16 367 1 1 635 610
cam_16 399 1 1 548 586
cam_16 394 1 1 570 609
cam_16 399 1 1 654 550
cam_16 378 3 4 1227 541
cam_16 395 1 1 415 627
cam_16 394 1 1 626 607
cam_16 381 1 1 487 598
cam_16 395 1 1 684 611
cam_16 388 2 1 527 188
cam_16 393 3 1 1168 521
cam_16 403 2 1 514 194
cam_16 453 1 2 819 618
cam_16 429 3 3 1002 596
cam_16 419 1 1 515 612
cam_16 424 1 2 662 539
cam_16 438 1 2 868 623
cam_16 423 1 1 573 618
cam_16 495 1 2 762 604
cam_16 482 1 2 699 627
cam_16 433 1 1 527 612
cam_16 412 1 1 319 629
cam_16 442 1 1 489 577
cam_16 458 1 1 536 618
cam_16 495 3 2 1038 526
cam_16 468 1 2 1099 600
cam_16 456 1 4 1174 586
cam_16 480 3 1 1112 515
cam_16 477 2 2 498 179
cam_16 489 1 1 497 604
cam_16 486 2 3 671 180
cam_16 487 3 1 1129 524
cam_16 582 1 2 865 529
cam_16 561 1 1 626 608
cam_16 518 3 1 1163 588
cam_16 570 1 1 598 602
cam_16 600 1 4 1085 582
cam_16 578 1 1 654 595
cam_16 540 1 1 642 557
cam_16 589 1 1 508 616
cam_16 552 1 1 550 619
cam_16 558 1 2 1093 600
cam_16 604 1 1 486 626
cam_16 623 1 2 1129 598
cam_16 615 1 1 635 618
cam_16 577 2 1 532 197
cam_16 654 1 2 1141 601
cam_16 637 1 2 871 617
cam_16 606 1 1 679 611
cam_16 619 2 4 631 169
cam_16 654 1 2 867 594
cam_16 601 1 1 574 602
cam_16 651 1 1 616 607
cam_16 651 3 1 1137 489
cam_16 682 1 2 840 585
cam_16 627 1 1 590 584
cam_16 638 3 1 1138 520
cam_16 722 3 1 1016 599
cam_16 679 1 1 599 577
cam_16 669 1 1 562 590
cam_16 655 1 1 507 624
cam_16 669 3 1 1088 506
cam_16 691 1 1 619 620
cam_16 677 1 1 493 601
cam_16 724 2 2 682 183
cam_16 790 1 2 1137 576
cam_16 682 2 4 496 171
cam_16 749 1 2 1139 600
cam_16 700 1 1 481 630
cam_16 688 1 1 487 551
cam_16 688 3 1 1049 550
cam_16 738 1 2 851 622
cam_16 753 1 2 937 605
cam_16 747 1 1 531 572
cam_16 772 1 2 1148 575
cam_16 766 3 1 1109 517
cam_16 735 1 1 513 622
cam_16 763 1 1 477 582
cam_16 798 3 1 1058 536
cam_16 756 3 1 1129 521
cam_16 766 2 4 481 163
cam_16 858 1 2 1126 594
cam_16 772 1 1 562 615
cam_16 794 1 2 919 606
cam_16 915 3 2 900 618
cam_16 816 1 2 957 617
cam_16 820 1 1 599 608
cam_16 870 1 1 670 614
cam_16 841 1 2 1003 472
cam_16 829 3 1 1128 532
cam_16 861 1 1 609 594
cam_16 916 1 2 1105 583
cam_16 867 2 1 507 191
cam_16 913 1 1 565 616
cam_16 975 3 2 1141 605
cam_16 876 3 1 1050 535
cam_16 867 3 2 915 556
cam_16 876 3 1 920 554
cam_16 886 1 1 465 640
cam_16 909 2 2 588 184
cam_16 918 2 2 674 172
cam_16 926 1 1 601 638
cam_16 939 1 1 444 615
cam_16 934 3 1 1128 535
cam_16 927 3 2 1166 551
cam_16 926 3 2 875 615
cam_16 948 3 2 979 595
cam_16 971 3 1 935 578
cam_16 973 2 2 575 192
cam_16 1000 1 1 561 631
cam_16 981 1 1 535 616
cam_16 985 1 1 629 607
cam_16 993 1 1 614 615
cam_16 1020 1 1 605 570
cam_16 1000 3 4 1242 571
cam_16 1008 1 2 817 538
cam_16 1038 1 1 547 611
cam_16 1028 1 2 1015 609
cam_16 1053 2 1 524 181
cam_16 1021 1 1 505 624
cam_16 1030 2 1 520 182
cam_16 1086 1 1 519 604
cam_16 1084 1 1 655 624
cam_16 1099 1 2 904 530
cam_16 1094 1 1 561 615
cam_16 1059 3 1 978 529
cam_16 1053 3 1 1041 532
cam_16 1095 2 4 675 173
cam_16 1101 1 1 651 546
cam_16 1143 1 2 883 595
cam_16 1086 2 1 546 192
cam_16 1110 1 1 414 592
cam_16 1110 1 1 912 566
cam_16 1150 1 1 479 634
cam_16 1110 3 2 1069 484
cam_16 1156 1 2 1180 566
cam_16 1111 2 2 690 185
cam_16 1167 1 2 1069 601
cam_16 1120 3 1 1119 535
cam_16 1130 1 2 840 609
cam_16 1135 1 2 1047 598
cam_16 1147 1 1 537 580
cam_16 1164 1 1 711 607
cam_16 1143 3 1 1086 540
cam_16 1123 2 1 514 182
cam_16 1131 2 1 518 188
cam_16 1128 2 1 551 194
cam_16 1164 2 1 542 184
cam_16 1168 1 1 406 617
cam_16 1196 1 2 1018 599
cam_16 1163 1 1 602 618
cam_16 1219 2 2 682 174
cam_16 1174 2 1 514 184
cam_16 1181 1 1 382 654
cam_16 1185 1 1 582 609
cam_16 1181 3 2 1129 542
cam_16 1206 1 2 838 620
cam_16 1224 1 2 1190 574
cam_16 1210 1 1 595 620
cam_16 1177 3 2 1040 610
cam_16 1225 1 1 512 628
cam_16 1223 1 1 713 619
cam_16 1241 1 2 1152 583
cam_16 1233 2 1 544 184
cam_16 1322 2 2 680 184
cam_16 1245 2 1 536 189
cam_16 1255 2 1 550 190
cam_16 1283 2 1 681 185
cam_16 1276 2 1 526 191
cam_16 1307 3 2 1117 600
cam_16 1341 1 4 967 568
cam_16 1309 2 1 552 197
cam_16 1290 3 1 1057 501
cam_16 1323 1 1 517 580
cam_16 1330 1 1 502 625
cam_16 1367 2 4 682 171
cam_16 1383 1 2 1023 612
cam_16 1400 1 2 1071 576
cam_16 1397 2 4 678 171
cam_16 1362 1 1 330 633
cam_16 1393 1 1 507 631
cam_16 1378 1 1 523 550
cam_16 1415 1 2 1032 571
cam_16 1422 3 1 1050 535
cam_16 1429 3 1 851 495
cam_16 1429 3 1 973 489
cam_16 1470 1 4 1029 582
cam_16 1405 2 1 513 183
cam_16 1449 1 2 1138 587
cam_16 1450 1 1 432 637
cam_16 1457 1 1 652 585
cam_16 1457 3 1 1134 529
cam_16 1526 2 4 679 172
cam_16 1455 2 1 504 184
cam_16 1467 2 1 520 176
cam_16 1470 1 1 591 608
cam_16 1487 1 2 994 610
cam_16 1482 3 2 1192 572
cam_16 1575 2 3 712 176
cam_16 1522 2 1 536 192
cam_16 1551 1 2 872 613
cam_16 1536 1 1 505 560
cam_16 1535 1 1 647 611
cam_16 1564 1 1 482 581
cam_16 1635 3 1 1094 522
cam_16 1623 1 2 813 609
cam_16 1692 2 2 677 183
cam_16 1628 1 2 1051 603
cam_16 1566 3 1 633 561
cam_16 1641 3 1 994 548
cam_16 1653 2 2 696 194
cam_16 1581 1 1 593 597
cam_16 1602 1 2 1039 609
cam_16 1619 1 2 1103 565
cam_16 1593 1 4 1174 592
cam_16 1680 1 2 883 614
cam_16 1621 2 1 545 205
cam_16 1605 2 1 553 188
cam_16 1679 1 2 1125 561
cam_16 1652 3 1 1074 530
cam_16 1644 3 1 884 562
cam_16 1699 1 2 994 615
cam_16 1712 1 2 1092 600
cam_16 1647 2 1 553 183
cam_16 1688 3 1 1169 538
cam_16 1689 1 1 547 623
cam_16 1705 1 1 512 616
cam_16 1719 1 1 583 607
cam_16 1727 1 2 961 592
cam_16 1740 1 1 717 613
cam_16 1713 1 1 700 554
cam_16 1803 1 2 1033 599
cam_16 1740 3 1 1066 530
cam_16 1752 2 1 541 190
cam_16 1812 1 2 1142 585
cam_16 1749 2 2 655 180
cam_16 1759 2 1 535 185
cam_16 1782 1 2 1052 591
cam_16 1784 1 1 594 602
cam_16 1749 2 1 553 185
cam_16 1806 2 4 668 171
cam_16 1809 3 1 1088 471
cam_16 1842 1 2 943 593
cam_16 1872 3 1 966 553
cam_16 1860 1 2 1012 592
cam_16 1826 3 1 1082 534
cam_16 1821 2 1 551 186
cam_16 1852 1 1 519 564
cam_16 1876 2 4 697 174
cam_16 1871 1 1 558 602
cam_16 1870 1 1 595 543
cam_16 1870 3 1 1108 542
cam_16 1911 2 2 626 171
cam_16 1879 3 1 1047 529
cam_16 1906 2 1 525 192
cam_16 1941 1 2 718 613
cam_16 1965 1 2 1094 552
cam_16 1946 3 1 879 581
cam_16 1897 2 1 531 190
cam_16 1968 1 4 1097 607
cam_16 1927 2 1 554 201
cam_16 1979 3 1 1037 545
cam_16 1988 1 1 521 622
cam_16 2027 1 2 1010 597
cam_16 1978 1 1 515 547
cam_16 1982 3 1 930 566
cam_16 2010 2 4 671 172
cam_16 1999 1 1 606 610
cam_16 2041 1 1 577 600
cam_16 2034 2 4 695 173
cam_16 2042 1 2 1017 613
cam_16 2040 1 1 628 529
cam_16 1999 1 1 489 636
cam_16 2047 1 1 609 615
cam_16 2031 3 1 1063 524
cam_16 2001 1 1 723 617
cam_16 2035 2 4 564 174
cam_16 2032 1 1 592 604
cam_16 2072 1 1 489 619
cam_16 2037 1 1 477 619
cam_16 2114 1 2 964 609
cam_16 2075 1 1 756 614
cam_16 2085 2 3 673 175
cam_16 2086 1 1 517 574
cam_16 2037 2 1 525 185
cam_16 2123 1 2 1155 589
cam_16 2074 1 1 678 561
cam_16 2138 2 2 681 185
cam_16 2088 2 1 503 183
cam_16 2088 3 1 539 597
cam_16 2193 1 2 1056 606
cam_16 2175 3 2 1169 570
cam_16 2160 2 4 574 171
cam_16 2184 1 1 732 564
cam_16 2187 1 1 519 598
cam_16 2219 1 2 957 599
cam_16 2240 3 2 1139 599
cam_16 2186 1 1 671 593
cam_16 2202 1 1 627 559
cam_16 2223 2 4 679 172
cam_16 2191 1 1 704 570
cam_16 2169 2 1 553 187
cam_16 2193 3 1 1077 497
cam_16 2175 2 4 687 175
cam_16 2278 2 1 554 196
cam_16 2178 3 1 715 619
cam_16 2232 1 1 729 599
cam_16 2279 1 1 606 609
cam_16 2280 1 2 989 612
cam_16 2273 3 2 1161 569
cam_16 2240 1 1 735 611
cam_16 2256 1 1 450 629
cam_16 2273 1 1 452 620
cam_16 2297 1 1 578 603
cam_16 2301 3 2 1146 561
cam_16 2271 2 1 566 211
cam_16 2303 1 1 641 613
cam_16 2318 3 1 1118 534
cam_16 2308 1 1 535 603
cam_16 2319 2 1 547 214
cam_16 2323 3 1 1154 532
cam_16 2428 1 2 645 586
cam_16 2343 3 2 1099 532
cam_16 2350 3 4 1172 581
cam_16 2351 2 2 682 187
cam_16 2370 3 3 1155 544
cam_16 2428 1 2 1146 574
cam_16 2379 1 2 811 513
cam_16 2393 3 3 1211 565
cam_16 2379 3 2 943 487
cam_16 2395 1 2 804 629
cam_16 2417 1 1 816 620
cam_16 2379 1 1 467 569
cam_16 2411 1 2 1012 607
cam_16 2395 1 1 501 616
cam_16 2387 1 1 669 607
cam_16 2421 1 1 535 615
cam_16 2446 2 2 680 169
cam_16 2442 1 2 1032 611
cam_16 2443 1 1 515 631
cam_16 2432 3 1 1141 520
cam_16 2442 3 1 1102 531
cam_16 2482 1 1 546 547
cam_16 2455 3 2 1022 479
cam_16 2451 2 1 555 197
cam_16 2455 2 2 537 184
cam_16 2467 2 4 484 172
cam_16 2472 1 1 589 584
cam_16 2485 2 3 594 168
cam_16 2482 3 2 985 595
cam_16 2481 1 1 581 620
cam_16 2482 1 1 348 609
cam_16 2533 2 4 676 174
cam_16 2482 1 2 660 520
cam_16 2520 3 1 1036 491
cam_16 2493 2 1 533 197
cam_16 2502 1 4 1147 579
cam_16 2513 1 2 1025 608
cam_16 2507 1 1 512 610
cam_16 2514 1 1 532 590
cam_16 2518 2 1 525 199
cam_16 2556 3 2 1136 587
cam_16 2532 2 1 508 185
cam_16 2556 1 1 540 628
cam_16 2544 2 2 558 184
cam_16 2538 3 2 996 613
cam_16 2560 1 1 455 611
cam_16 2570 1 2 1017 591
cam_16 2553 2 4 678 169
cam_16 2553 1 1 657 610
cam_16 2595 1 2 993 610
cam_16 2574 1 1 421 562
cam_16 2591 3 2 1166 592
cam_16 2580 3 2 863 618
cam_16 2600 3 2 1147 559
cam_16 2608 2 2 496 181
cam_16 2624 1 4 1067 601
cam_16 2618 1 1 582 596
cam_16 2608 3 4 1022 547
cam_16 2649 1 2 1210 566
cam_16 2632 1 1 498 567
cam_16 2643 1 2 829 597
cam_16 2655 3 2 790 559
cam_16 2687 1 1 696 622
cam_16 2690 1 1 593 619
cam_16 2695 1 1 639 591
cam_16 2692 1 1 440 608
cam_16 2694 3 2 1175 573
cam_16 2731 1 1 553 596
cam_16 2700 3 1 1012 533
cam_16 2706 1 1 626 535
cam_16 2728 2 2 685 185
cam_16 2766 2 2 585 183
cam_16 2748 2 2 567 185
cam_16 2748 2 1 540 192
cam_16 2778 3 2 1168 566
cam_16 2783 3 1 1011 545
cam_16 2762 3 1 970 599
cam_16 2766 1 1 581 615
cam_16 2787 3 1 1056 511
cam_16 2775 1 1 498 609
cam_16 2786 2 2 685 185
cam_16 2797 2 4 658 174
cam_16 2844 3 3 1045 501
cam_16 2824 2 4 668 171
cam_16 2821 2 1 541 193
cam_16 2826 2 1 529 185
cam_16 2831 3 2 1194 575
cam_16 2844 2 4 523 164
cam_16 2863 3 1 1022 461
cam_16 2838 1 1 491 620
cam_16 2851 3 1 903 582
cam_16 2850 2 4 676 168
cam_16 2889 1 1 593 569
cam_16 2863 2 4 577 169
cam_16 2929 1 2 1130 560
cam_16 2868 3 3 1098 594
cam_16 2872 2 2 548 180
cam_16 2873 1 1 526 599
cam_16 2902 1 1 500 603
cam_16 2884 1 2 1077 560
cam_16 2880 1 2 913 624
cam_16 2896 2 4 695 174
cam_16 2902 1 2 914 501
cam_16 2899 2 1 544 187
cam_16 2922 3 1 1024 470
cam_16 2907 1 1 480 587
cam_16 2913 3 2 962 603
cam_16 2947 3 1 1094 483
cam_16 2919 1 1 590 604
cam_16 2939 1 2 721 620
cam_16 2948 3 1 1100 548
cam_16 2929 2 1 518 184
cam_16 2937 3 2 917 575
cam_16 2955 3 1 913 485
cam_16 2995 3 2 1030 578
cam_16 2975 1 1 504 623
cam_16 2979 3 1 1093 545
cam_16 3013 1 1 484 612
cam_16 2995 2 4 652 171
cam_16 2998 2 1 522 181
cam_16 3030 2 4 641 168
cam_16 3019 1 1 749 617
cam_16 3015 1 1 686 626
cam_16 3031 2 1 573 213
cam_16 3042 2 4 587 170
cam_16 3060 2 4 540 195
cam_16 3076 1 1 515 608
cam_16 3066 1 1 674 613
cam_16 3062 3 1 1108 512
cam_16 3074 1 2 976 601
cam_16 3063 2 4 671 171
cam_16 3063 1 1 733 610
cam_16 3091 2 1 543 185
cam_16 3096 3 1 1019 552
cam_16 3126 3 2 1170 587
cam_16 3096 1 1 501 627
cam_16 3102 1 2 872 592
cam_16 3102 2 1 526 191
cam_16 3114 1 2 1016 591
cam_16 3149 1 1 642 621
cam_16 3202 1 2 498 617
cam_16 3124 2 1 525 185
cam_16 3152 3 1 1105 521
cam_16 3174 1 2 769 550
cam_16 3153 2 4 680 171
cam_16 3137 3 2 1107 563
cam_16 3163 1 1 413 584
cam_16 3194 3 2 1100 601
cam_16 3244 2 2 597 188
cam_16 3211 1 1 657 579
cam_16 3165 3 1 442 613
cam_16 3223 1 1 601 530
cam_16 3223 1 1 510 603
cam_16 3198 3 1 973 531
cam_16 3205 1 1 636 606
cam_16 3215 3 1 1050 528
cam_16 3198 1 1 596 531
cam_16 3205 3 1 1053 540
cam_16 3240 1 2 1087 554
cam_16 3232 1 1 594 601
cam_16 3244 3 1 985 480
cam_16 3244 2 1 515 187
cam_16 3274 3 2 1178 577
cam_16 3234 2 1 560 193
cam_16 3317 1 2 1111 588
cam_16 3341 1 2 756 626
cam_16 3274 2 2 486 175
cam_16 3276 1 1 485 565
cam_16 3298 2 4 669 175
cam_16 3296 1 2 968 589
cam_16 3326 1 2 1080 600
cam_16 3303 1 1 466 579
cam_16 3310 1 1 667 625
cam_16 3310 2 4 557 170
cam_16 3351 1 1 584 586
cam_16 3337 1 1 530 617
cam_16 3375 1 1 482 620
cam_16 3420 1 2 1086 591
cam_16 3394 1 1 516 591
cam_16 3417 2 2 561 181
cam_16 3350 3 1 1133 519
cam_16 3354 3 1 922 565
cam_16 3458 1 2 945 618
cam_16 3366 3 2 954 600
cam_16 3416 1 2 906 613
cam_16 3381 1 1 653 590
cam_16 3366 1 1 482 623
cam_16 3388 1 2 1127 587
cam_16 3363 1 2 746 601
cam_16 3488 1 2 1190 592
cam_16 3480 1 2 1194 560
cam_16 3491 1 2 949 618
cam_16 3432 3 1 1062 537
cam_16 3448 2 1 517 182
cam_16 3477 1 2 745 620
cam_16 3462 3 2 1136 553
cam_16 3528 1 1 1089 598
cam_16 3493 1 1 500 594
cam_16 3547 3 2 1148 564
cam_16 3553 1 1 511 617
cam_16 3511 1 1 507 568
cam_16 3533 3 1 1075 555
cam_16 3546 1 1 520 621
cam_16 3534 2 2 675 183
cam_16 3525 2 1 551 195
cam_16 3569 3 1 1057 524
cam_16 3540 3 1 934 557
cam_16 3526 2 1 527 185
cam_16 3535 2 1 509 182
cam_16 3540 2 1 527 188
cam_16 3589 2 1 552 189
cam_16 3559 2 1 525 186
cam_16 3623 1 1 1021 595
cam_16 3616 1 2 341 646
cam_16 3597 3 1 1036 539
cam_16 3649 1 2 887 503
cam_16 3620 1 1 642 613
cam_16 3638 1 2 1031 595
cam_16 3705 1 2 1211 593
cam_16 3660 2 1 545 188
cam_16 3677 1 2 987 607
cam_16 3677 3 2 1199 569
cam_16 3711 1 1 599 541
cam_16 3668 1 1 723 622
cam_16 3663 1 1 596 589
cam_16 3659 3 1 810 598
cam_16 3661 1 1 469 630
cam_16 3755 1 2 1087 600
cam_16 3697 1 1 521 548
cam_16 3675 1 1 628 615
cam_16 3669 1 1 476 621
cam_16 3708 1 1 546 618
cam_16 3739 2 2 590 182
cam_16 3690 2 4 516 162
cam_16 3729 2 2 671 185
cam_16 3725 1 2 1164 599
cam_16 3731 1 1 681 623
cam_16 3753 1 1 516 556
cam_16 3762 3 1 1073 536
cam_16 3745 2 1 532 186
cam_16 3791 3 3 1132 598
cam_16 3766 3 1 1022 548
cam_16 3809 2 4 684 170
cam_16 3841 2 4 693 172
cam_16 3863 1 4 1185 588
cam_16 3785 3 1 1142 524
cam_16 3820 3 4 1184 570
cam_16 3810 1 1 690 610
cam_16 3817 1 1 601 626
cam_16 3809 1 1 585 610
cam_16 3842 1 2 824 603
cam_16 3847 1 1 422 578
cam_16 3832 1 1 431 617
cam_16 3835 3 1 1103 541
cam_16 3880 2 4 694 176
cam_16 3889 3 1 1132 515
cam_16 3910 3 1 1027 517
cam_16 3933 1 2 1184 583
cam_16 3880 1 1 644 590
cam_16 3900 1 1 627 534
cam_16 3956 1 2 1167 583
cam_16 3976 1 2 1186 587
cam_16 3954 1 1 578 562
cam_16 4005 1 2 842 619
cam_16 3958 1 1 513 604
cam_16 3929 1 1 598 594
cam_16 3934 2 1 536 183
cam_16 3991 1 1 493 566
cam_16 3987 3 1 1072 545
cam_16 3963 1 1 491 627
cam_16 3970 2 1 548 182
cam_16 3982 3 1 1080 541
cam_16 4048 1 1 609 595
cam_16 4040 1 1 688 601
cam_16 4028 3 2 1179 586
cam_16 4027 1 1 515 566
cam_16 4048 3 1 1038 511
cam_16 4030 1 1 749 614
cam_16 4029 3 1 558 617
cam_16 4033 2 1 510 186
cam_16 4044 2 1 542 186
cam_16 4066 2 1 551 213
cam_16 4070 1 1 634 611
cam_16 4054 3 2 1122 582
cam_16 4059 2 1 544 188
cam_16 4077 2 1 528 183
cam_16 4104 1 2 1060 604
cam_16 4096 2 1 543 191
cam_16 4104 1 1 597 605
cam_16 4102 2 1 519 187
cam_16 4156 1 2 1064 593
cam_16 4227 1 1 1045 572
cam_16 4360 1 2 883 622
cam_16 4134 1 3 1205 600
cam_16 4135 1 1 318 634
cam_16 4150 2 4 693 172
cam_16 4129 1 2 834 622
cam_16 4149 2 1 545 186
cam_16 4215 2 1 557 211
cam_16 4201 2 1 556 202
cam_16 4205 2 4 684 172
cam_16 4233 1 1 571 562
cam_16 4245 1 1 593 595
cam_16 4235 3 1 1123 523
cam_16 4285 1 2 1027 597
cam_16 4239 2 4 573 171
cam_16 4231 2 1 539 198
cam_16 4290 2 2 579 183
cam_16 4305 1 2 1125 558
cam_16 4353 1 2 1003 594
cam_16 4268 1 2 1085 597
cam_16 4251 3 1 1113 532
cam_16 4256 2 2 694 187
cam_16 4252 1 1 690 570
cam_16 4265 1 1 640 601
cam_16 4290 1 1 585 565
cam_16 4312 3 1 1046 503
cam_16 4370 1 2 1101 600
cam_16 4390 1 2 783 518
cam_16 4312 1 1 599 542
cam_16 4374 1 1 512 592
cam_16 4343 1 2 776 620
cam_16 4355 1 2 1157 552
cam_16 4321 2 1 529 189
cam_16 4363 1 1 657 609
cam_16 4326 1 2 1054 612
cam_16 4356 1 1 518 622
cam_16 4427 1 2 720 624
cam_16 4362 2 1 541 190
cam_16 4425 1 2 969 606
cam_16 4445 1 2 980 614
cam_16 4381 1 1 546 604
cam_16 4383 2 1 558 188
cam_16 4432 2 2 535 178
cam_16 4446 2 4 708 179
cam_16 4398 1 2 686 559
cam_16 4397 2 4 674 169
cam_16 4419 3 4 1231 560
cam_16 4419 2 4 695 179
cam_16 4439 1 1 546 606
cam_16 4406 3 2 892 617
cam_16 4410 1 1 562 618
cam_16 4512 1 2 999 591
cam_16 4512 1 1 621 570
cam_16 4480 1 1 470 600
cam_16 4485 1 2 1008 607
cam_16 4476 2 1 551 188
cam_16 4463 1 1 586 615
cam_16 4469 1 1 487 626
cam_16 4468 1 1 587 597
cam_16 4473 1 2 947 604
cam_16 4472 1 1 524 614
cam_16 4517 1 2 1142 540
cam_16 4496 1 2 799 609
cam_16 4524 3 1 1038 558
cam_16 4509 1 1 459 624
cam_16 4486 1 1 527 608
cam_16 4504 1 1 681 630
cam_16 4543 1 1 517 564
cam_16 4503 3 2 1139 550
cam_16 4494 3 2 1036 603
cam_16 4492 2 1 510 180
cam_16 4554 2 2 532 188
cam_16 4544 1 1 583 599
cam_16 4571 1 2 998 602
cam_16 4536 1 1 417 566
cam_16 4532 3 1 1155 516
cam_16 4530 1 1 668 626
cam_16 4532 3 2 950 598
cam_16 4560 2 2 675 183
cam_16 4552 1 1 523 589
cam_16 4584 2 3 517 176
cam_16 4600 3 2 1021 603
cam_16 4609 2 4 600 167
cam_16 4623 2 1 537 190
cam_16 4621 1 1 540 621
cam_16 4632 2 4 679 173
cam_16 4635 1 1 435 595
cam_16 4639 1 2 774 595
cam_16 4638 2 1 506 184
cam_16 4647 2 1 498 181
cam_16 4666 1 2 927 616
cam_16 4711 2 4 579 170
cam_16 4760 1 2 791 613
cam_16 4684 1 2 623 606
cam_16 4681 3 2 868 597
cam_16 4701 1 2 934 583
cam_16 4719 1 1 589 572
cam_16 4703 1 1 650 594
cam_16 4744 2 2 547 201
cam_16 4739 3 2 1037 557
cam_16 4775 2 4 660 168
cam_16 4734 2 2 674 182
cam_16 4871 1 2 1021 582
cam_16 4767 3 1 1061 542
cam_16 4774 1 2 718 631
cam_16 4734 2 1 550 187
cam_16 4881 1 2 1135 575
cam_16 4864 1 2 882 623
cam_16 4803 3 2 1169 597
cam_16 4885 1 2 922 615
cam_16 4903 1 2 1032 609
cam_16 4850 1 1 496 609
cam_16 4809 3 1 1049 519
cam_16 4831 1 2 1077 532
cam_16 4906 1 2 795 560
cam_16 4819 3 2 981 611
cam_16 4831 2 4 628 169
cam_16 4842 1 2 787 620
cam_16 4827 1 1 495 603
cam_16 4823 1 1 748 609
cam_16 4823 1 1 619 607
cam_16 4859 1 1 595 616
cam_16 4847 3 2 1141 567
cam_16 4860 2 4 573 168
cam_16 4844 3 2 964 608
cam_16 4846 1 1 562 629
cam_16 4851 1 1 607 594
cam_16 4839 1 1 523 614
cam_16 4943 1 2 897 617
cam_16 4856 3 1 1161 521
cam_16 4888 1 3 781 614
cam_16 4891 3 1 1152 525
cam_16 4898 3 1 1145 521
cam_16 4896 1 1 478 627
cam_16 4958 1 1 837 622
cam_16 4921 1 1 547 584
cam_16 4958 1 1 538 618
cam_16 4938 2 1 571 169
cam_16 4932 1 1 632 586
cam_16 4953 3 1 948 568
cam_16 4925 2 3 703 170
cam_16 4935 3 2 1129 553
cam_16 4973 1 4 1189 587
cam_16 4944 1 1 515 606
cam_16 4950 1 1 449 562
cam_16 4921 1 1 618 603
cam_16 4953 3 1 1109 522
cam_16 5001 2 4 670 178
cam_16 5004 3 2 1153 572
cam_16 4950 2 4 643 175
cam_16 5058 1 2 759 630
cam_16 5059 2 1 553 213
cam_16 5046 1 1 844 626
cam_16 4969 1 1 628 608
cam_16 4978 2 1 529 193
cam_16 5049 1 1 1137 551
cam_16 4984 1 1 664 610
cam_16 5010 2 1 630 214
cam_16 5058 1 2 1020 596
cam_16 5050 2 4 688 171
cam_16 5013 2 1 549 188
cam_16 5033 3 1 1062 541
cam_16 5098 3 1 385 632
cam_16 5017 2 1 511 190
cam_16 5046 1 1 399 583
cam_16 5030 1 1 552 600
cam_16 5038 1 1 512 573
cam_16 5145 1 2 957 592
cam_16 5083 1 1 387 626
cam_16 5081 3 1 1047 555
cam_16 5059 2 2 531 175
cam_16 5100 3 1 1065 514
cam_16 5099 3 1 964 559
cam_16 5070 1 1 598 615
cam_16 5079 1 1 500 607
cam_16 5080 2 1 549 189
cam_16 5172 1 2 1061 598
cam_16 5131 1 1 536 604
cam_16 5094 2 1 540 191
cam_16 5136 2 4 673 173
cam_16 5100 2 1 521 185
cam_16 5156 1 2 759 621
cam_16 5189 1 2 981 605
cam_16 5157 3 1 1042 560
cam_16 5120 3 2 1034 600
cam_16 5152 3 1 1105 528
cam_16 5166 1 1 467 635
cam_16 5181 1 2 1123 567
cam_16 5142 2 1 535 184
cam_16 5191 3 1 1006 469
cam_16 5198 1 1 607 618
cam_16 5202 1 1 534 561
cam_16 5292 3 2 1187 557
cam_16 5191 1 1 545 586
cam_16 5202 1 1 342 597
cam_16 5228 1 1 481 615
cam_16 5217 1 1 600 611
cam_16 5215 1 1 466 636
cam_16 5232 1 2 898 600
cam_16 5228 1 2 1182 593
cam_16 5264 1 2 1066 609
cam_16 5208 2 1 527 183
cam_16 5215 2 1 515 182
cam_16 5274 2 2 634 186
cam_16 5250 1 2 1040 573
cam_16 5237 1 1 638 614
cam_16 5270 1 1 468 616
cam_16 5293 1 2 915 621
cam_16 5386 1 2 782 535
cam_16 5386 1 2 975 504
cam_16 5289 2 1 531 180
cam_16 5352 1 1 449 622
cam_16 5409 1 2 1018 589
cam_16 5352 1 2 1123 553
cam_16 5370 1 2 1144 569
cam_16 5363 1 2 1009 609
cam_16 5350 1 1 595 628
cam_16 5338 2 1 520 184
cam_16 5349 2 1 550 188
cam_16 5341 2 1 501 181
cam_16 5380 1 1 457 612
cam_16 5376 3 1 1032 548
cam_16 5421 1 2 963 607
cam_16 5370 2 1 552 187
cam_16 5392 1 1 424 630
cam_16 5397 3 2 1025 603
cam_16 5416 2 2 541 183
cam_16 5394 1 4 658 623
cam_16 5403 1 1 503 604
cam_16 5416 3 1 1033 489
cam_16 5490 2 2 672 184
cam_16 5457 3 1 1086 519
cam_16 5428 2 4 612 173
cam_16 5452 1 2 838 622
cam_16 5424 2 1 521 195
cam_16 5510 2 2 675 175
cam_16 5438 2 4 663 173
cam_16 5446 3 1 1103 540
cam_16 5465 3 1 1025 560
cam_16 5460 2 2 668 183
cam_16 5467 1 1 509 604
cam_16 5458 2 1 537 189
cam_16 5544 3 2 1027 606
cam_16 5509 3 2 1124 595
cam_16 5515 2 1 549 192
cam_16 5520 1 2 847 629
cam_16 5502 1 1 467 566
cam_16 5528 2 4 501 184
cam_16 5557 3 3 988 497
cam_16 5607 1 2 789 629
cam_16 5534 2 1 663 173
cam_16 5526 1 1 682 619
cam_16 5526 3 1 659 573
cam_16 5548 1 1 545 614
cam_16 5531 3 2 1059 611
cam_16 5538 1 1 554 601
cam_16 5587 1 2 1142 597
cam_16 5551 2 1 515 184
cam_16 5576 1 4 1142 587
cam_16 5544 2 1 530 181
cam_16 5622 1 4 1172 592
cam_16 5612 2 4 662 172
cam_16 5643 1 4 1242 570
cam_16 5655 1 2 790 621
cam_16 5585 1 1 449 614
cam_16 5620 1 1 512 605
cam_16 5637 1 2 757 603
cam_16 5594 3 2 1128 569
cam_16 5647 2 1 530 181
cam_16 5652 3 1 1035 523
cam_16 5679 3 2 1180 588
cam_16 5670 1 2 712 610
cam_16 5617 2 1 520 184
cam_16 5629 2 1 520 184
cam_16 5713 1 2 879 490
cam_16 5741 1 2 835 620
cam_16 5723 1 1 509 604
cam_16 5730 1 1 489 622
cam_16 5728 1 1 564 608
cam_16 5723 3 2 1077 602
cam_16 5745 2 4 675 173
cam_16 5748 3 1 937 558
cam_16 5763 3 1 819 599
cam_16 5798 1 1 627 610
cam_16 5790 3 1 983 608
cam_16 5762 3 1 966 555
cam_16 5797 1 1 583 580
cam_16 5759 3 1 1089 534
cam_16 5766 3 1 736 622
cam_16 5784 3 1 1081 535
cam_16 5796 3 1 1098 509
cam_16 5796 3 1 957 523
cam_16 5844 1 1 596 573
cam_16 5877 3 2 1154 564
cam_16 5850 1 1 530 620
cam_16 5809 3 2 1163 581
cam_16 5802 2 4 670 177
cam_16 5808 2 4 494 171
cam_16 5806 1 1 600 606
cam_16 5890 1 1 559 624
cam_16 5832 1 2 798 630
cam_16 5824 3 3 1092 605
cam_16 5839 1 1 598 608
cam_16 5839 1 1 474 627
cam_16 5826 2 1 534 185
cam_16 5893 3 2 1107 519
cam_16 5832 3 1 1110 518
cam_16 5889 1 1 884 611
cam_16 5839 2 1 551 187
cam_16 5844 2 1 556 194
cam_16 5899 1 1 498 567
cam_16 5863 1 1 688 589
cam_16 5853 2 1 565 186
cam_16 5887 1 1 621 617
cam_16 5877 1 1 486 619
cam_16 5863 2 1 555 188
cam_16 5865 3 1 1162 512
cam_16 5867 1 1 547 603
cam_16 5877 1 1 637 564
cam_16 5871 1 2 968 611
cam_16 5940 1 2 921 607
cam_16 5909 3 1 1017 548
cam_16 5968 2 2 530 190
cam_16 5898 3 2 932 609
cam_16 5900 3 1 1075 526
cam_16 5927 1 2 1094 599
cam_16 5913 2 1 509 183
cam_16 6013 1 2 787 620
cam_16 5985 3 2 1192 539
cam_16 5999 1 2 889 615
cam_16 5981 1 2 1066 601
cam_16 5964 3 2 874 618
cam_16 6027 1 4 1093 605
cam_16 6006 2 4 692 172
cam_16 5990 3 1 1092 532
cam_16 6004 1 1 454 609
cam_16 6010 2 1 518 191
cam_16 6104 1 2 918 579
cam_16 6019 1 1 649 590
cam_16 6037 1 1 665 620
cam_16 6019 3 2 966 511
cam_16 6019 2 3 641 178
cam_16 6087 1 1 760 618
cam_16 6039 2 4 683 172
cam_16 6063 3 3 1210 593
cam_16 6041 1 1 489 627
cam_16 6048 2 1 557 197
cam_16 6078 1 2 1146 555
cam_16 6060 2 1 555 186
cam_16 6071 1 2 843 621
cam_16 6058 1 1 453 580
cam_16 6127 2 4 697 173
cam_16 6114 1 1 420 641
cam_16 6069 2 1 506 187
cam_16 6066 3 1 1067 547
cam_16 6132 1 1 940 600
cam_16 6127 1 1 656 609
cam_16 6148 2 4 726 178
cam_16 6153 2 4 524 171
cam_16 6203 1 2 609 604
cam_16 6185 1 2 1184 586
cam_16 6162 3 1 1059 484
cam_16 6193 1 1 519 616
cam_16 6220 2 4 676 167
cam_16 6211 3 1 1104 542
cam_16 6172 3 1 1040 481
cam_16 6190 2 4 695 172
cam_16 6225 2 4 545 169
cam_16 6177 2 1 557 196
cam_16 6189 1 2 825 622
cam_16 6197 1 2 1052 589
cam_16 6270 1 2 903 597
cam_16 6254 1 1 532 610
cam_16 6220 1 2 884 491
cam_16 6212 1 1 640 618
cam_16 6219 1 1 558 615
cam_16 6281 1 1 1060 595
cam_16 6271 2 2 547 187
cam_16 6279 1 2 747 602
cam_16 6234 1 1 669 579
cam_16 6278 1 1 511 601
cam_16 6297 3 1 1049 496
cam_16 6271 3 2 1099 500
cam_16 6237 1 1 528 620
cam_16 6288 1 1 532 634
cam_16 6266 1 1 580 614
cam_16 6256 1 2 901 619
cam_16 6259 3 2 1173 590
cam_16 6297 1 1 385 591
cam_16 6291 3 1 836 564
cam_16 6283 2 1 553 168
cam_16 6301 2 1 622 182
cam_16 6281 3 1 1155 530
cam_16 6279 1 1 663 626
cam_16 6297 1 1 672 618
cam_16 6339 1 1 549 600
cam_16 6285 2 1 541 190
cam_16 6351 1 1 608 600
cam_16 6305 3 1 933 599
cam_16 6378 1 2 918 570
cam_16 6308 3 1 1066 535
cam_16 6310 3 1 1014 460
cam_16 6361 1 1 622 596
cam_16 6330 1 2 1043 612
cam_16 6381 2 2 677 186
cam_16 6321 3 1 546 593
cam_16 6359 3 1 1095 532
cam_16 6358 3 1 774 548
cam_16 6397 2 1 522 183
cam_16 6405 3 2 969 597
cam_16 6418 3 2 822 576
cam_16 6440 1 4 1050 585
cam_16 6465 1 2 981 544
cam_16 6428 1 1 578 603
cam_16 6441 1 2 870 621
cam_16 6445 1 1 475 619
cam_16 6457 1 1 509 625
cam_16 6461 3 2 1191 560
cam_16 6493 1 1 1126 578
cam_16 6486 2 4 688 172
cam_16 6558 1 2 1126 588
cam_16 6520 2 1 651 187
cam_16 6481 2 1 513 186
cam_16 6520 2 1 544 184
cam_16 6606 2 2 555 175
cam_16 6576 2 2 541 182
cam_16 6564 2 4 684 172
cam_16 6558 1 1 502 609
cam_16 6629 1 2 878 607
cam_16 6546 3 1 595 573
cam_16 6644 1 2 1188 582
cam_16 6631 1 1 652 614
cam_16 6610 1 1 462 554
cam_16 6627 2 2 552 185
cam_16 6615 1 2 994 593
cam_16 6658 3 1 958 571
cam_16 6658 2 2 535 189
cam_16 6659 3 1 1056 540
cam_16 6660 1 1 606 583
cam_16 6637 2 1 534 186
cam_16 6707 1 1 649 593
cam_16 6678 3 1 1020 540
cam_16 6696 1 1 610 603
cam_16 6663 2 2 677 189
cam_16 6651 1 1 651 610
cam_16 6673 2 1 509 185
cam_16 6724 2 4 539 190
cam_16 6741 1 1 821 602
cam_16 6739 1 1 474 556
cam_16 6700 1 1 510 564
cam_16 6723 1 1 551 579
cam_16 6720 2 4 675 175
cam_16 6699 1 2 849 603
cam_16 6748 3 1 1123 501
cam_16 6754 1 1 560 591
cam_16 6747 3 1 1011 554
cam_16 6774 1 2 866 625
cam_16 6794 3 1 992 557
cam_16 6773 3 1 1125 530
cam_16 6757 3 1 1081 542
cam_16 6758 1 2 856 616
cam_16 6788 3 1 1023 536
cam_16 6766 2 1 508 187
cam_16 6876 3 2 1178 569
cam_16 6861 1 1 733 610
cam_16 6825 2 1 501 186
cam_16 6822 1 1 728 601
cam_16 6836 1 1 518 612
cam_16 6827 1 1 638 608
cam_16 6849 3 2 1053 604
cam_16 6828 3 2 1042 612
cam_16 6903 1 2 995 606
cam_16 6834 1 1 645 613
cam_16 6942 3 1 1050 604
cam_16 6868 2 2 683 186
cam_16 6881 3 1 1033 540
cam_16 6979 1 2 1037 610
cam_16 6939 1 1 643 625
cam_16 6966 1 2 899 608
cam_16 6926 3 2 1161 572
cam_16 6963 1 2 1147 574
cam_16 6932 3 1 1081 516
cam_16 6922 1 1 600 606
cam_16 6899 1 1 327 656
cam_16 6957 1 1 522 546
cam_16 6991 1 2 1121 600
cam_16 6961 1 1 467 621
cam_16 6972 1 1 607 606
cam_16 6942 2 1 496 182
cam_16 7051 1 2 912 598
cam_16 7022 1 1 837 622
cam_16 6977 3 2 1135 560
cam_16 6990 1 1 526 602
cam_16 7073 1 2 957 585
cam_16 7047 1 1 686 633
cam_16 7002 1 1 482 593
cam_16 7006 3 1 1080 541
cam_16 7030 1 1 563 579
cam_16 7023 3 1 1076 531
cam_16 7037 3 1 889 555
cam_16 7007 1 2 923 611
cam_16 7000 2 2 543 185
cam_16 7014 2 1 506 184
cam_16 7012 2 1 534 184
cam_16 7039 2 1 527 183
cam_16 7050 3 2 1175 571
cam_16 7104 1 2 968 599
cam_16 7081 1 2 1018 505
cam_16 7070 1 1 660 589
cam_16 7075 2 1 555 187
cam_16 7123 1 1 528 551
cam_16 7107 1 1 697 598
cam_16 7137 1 1 530 574
cam_16 7119 1 1 669 614
cam_16 7135 2 1 561 191
cam_16 7147 2 1 537 186
cam_16 7163 3 1 1061 548
cam_16 7207 3 1 926 536
cam_16 7195 3 1 1014 549
cam_16 7185 1 2 769 618
cam_16 7230 2 2 673 183
cam_16 7293 2 2 611 196
cam_16 7254 2 2 530 192
cam_16 7273 2 4 673 169
cam_16 7233 1 1 701 628
cam_16 7236 2 1 556 189
cam_16 7227 2 1 549 192
cam_16 7294 2 2 670 179
cam_16 7285 1 1 575 563
cam_16 7330 2 2 590 184
cam_16 7347 1 1 539 619
cam_16 7299 2 1 559 202
cam_16 7320 1 4 924 618
cam_16 7306 1 1 906 571
cam_16 7335 3 1 1075 519
cam_16 7302 2 1 535 188
cam_16 7352 1 2 1067 604
cam_16 7314 1 1 717 551
cam_16 7333 1 1 535 627
cam_16 7314 2 1 568 203
cam_16 7373 3 1 1118 532
cam_16 7384 2 4 668 172
cam_16 7331 1 1 578 594
cam_16 7329 3 1 1034 547
cam_16 7329 1 1 692 621
cam_16 7359 2 4 584 182
cam_16 7372 1 1 530 606
cam_16 7386 1 1 597 595
cam_16 7407 1 2 675 614
cam_16 7404 2 4 700 170
cam_16 7393 3 2 1146 537
cam_16 7382 1 2 933 613
cam_16 7363 3 2 1088 598
cam_16 7388 1 1 512 608
cam_16 7364 3 1 1171 516
cam_16 7361 1 1 632 610
cam_16 7401 1 1 523 610
cam_16 7402 1 1 542 554
cam_16 7414 1 1 822 593
cam_16 7434 1 1 604 610
cam_16 7401 3 2 927 603
cam_16 7413 2 4 491 171
cam_16 7421 3 1 908 578
cam_16 7440 1 2 880 617
cam_16 7463 1 2 1019 598
cam_16 7449 3 2 1140 586
cam_16 7444 1 1 544 591
cam_16 7465 3 1 936 479
cam_16 7512 2 3 699 169
cam_16 7449 1 1 577 603
cam_16 7465 1 1 442 592
cam_16 7482 1 1 456 558
cam_16 7477 1 1 586 592
cam_16 7513 1 1 511 629
cam_16 7537 2 2 537 190
cam_16 7502 1 1 588 611
cam_16 7519 2 1 525 186
cam_16 7561 3 2 1111 538
cam_16 7554 3 2 1103 597
cam_16 7587 1 2 1009 604
cam_16 7596 1 2 1168 568
cam_16 7534 2 2 555 188
cam_16 7570 1 1 576 616
cam_16 7544 1 2 874 613
cam_16 7597 1 2 753 607
cam_16 7555 2 2 560 183
cam_16 7615 1 2 891 598
cam_16 7557 2 1 510 190
cam_16 7539 2 2 663 186
cam_16 7565 1 1 454 626
cam_16 7588 2 1 527 184
cam_16 7599 3 1 1029 554
cam_16 7617 1 2 1193 584
cam_16 7612 1 1 551 635
cam_16 7605 1 2 795 632
cam_16 7614 2 1 537 185
cam_16 7636 1 2 1143 595
cam_16 7629 1 2 848 613
cam_16 7629 2 1 562 193
cam_16 7701 1 2 802 625
cam_16 7635 1 1 605 615
cam_16 7630 1 1 551 586
cam_16 7657 1 1 756 617
cam_16 7641 2 1 564 187
cam_16 7698 1 2 1060 604
cam_16 7665 3 1 560 599
cam_16 7709 1 1 561 617
cam_16 7740 3 3 1192 579
cam_16 7669 3 2 1156 599
cam_16 7677 1 1 536 553
cam_16 7677 1 2 958 588
cam_16 7678 2 1 506 188
cam_16 7696 2 1 528 185
cam_16 7737 1 1 552 613
cam_16 7736 1 1 692 597
cam_16 7713 2 1 537 181
cam_16 7722 3 1 575 569
cam_16 7750 2 4 502 168
cam_16 7728 2 1 554 185
cam_16 7737 2 1 534 185
cam_16 7801 2 2 551 188
cam_16 7750 2 2 616 196
cam_16 7778 3 1 1119 538
cam_16 7779 2 4 677 174
cam_16 7764 3 2 930 552
cam_16 7764 1 2 730 614
cam_16 7786 1 2 753 612
cam_16 7834 2 4 688 172
cam_16 7871 1 2 957 618
cam_16 7822 3 1 869 511
cam_16 7805 3 1 1072 526
cam_16 7818 1 1 508 578
cam_16 7894 1 2 1186 594
cam_16 7813 1 1 543 586
cam_16 7796 3 1 988 550
cam_16 7848 2 4 640 175
cam_16 7843 3 2 1146 591
cam_16 7914 1 2 1152 587
cam_16 7839 1 1 525 567
cam_16 7912 1 4 896 515
cam_16 7980 1 2 984 597
cam_16 7873 2 2 541 192
cam_16 7867 2 1 558 195
cam_16 7934 3 1 1157 501
cam_16 7968 3 2 1189 584
cam_16 7965 1 1 576 623
cam_16 7953 3 1 1183 518
cam_16 7974 3 1 1131 529
cam_16 7949 1 1 675 629
cam_16 7921 3 1 1188 524
cam_16 7923 1 1 632 606
cam_16 7994 1 4 1165 542
cam_16 7995 1 2 931 606
cam_16 7944 1 2 913 619
cam_16 7974 1 1 480 612
cam_16 8018 1 2 1010 609
cam_16 7938 1 1 674 610
cam_16 7940 1 1 560 606
cam_16 7964 1 1 725 611
cam_16 7976 1 1 672 619
cam_16 7936 3 1 1068 515
cam_16 7953 3 1 839 599
cam_16 7943 1 1 697 613
cam_16 7971 2 4 691 174
cam_16 7979 1 1 563 600
cam_16 7986 1 1 503 603
cam_16 7984 1 1 722 612
cam_16 7994 1 1 685 620
cam_16 8005 1 1 755 611
cam_16 8013 2 1 541 187
cam_16 8011 1 1 563 564
cam_16 8006 3 1 1073 521
cam_16 8019 1 1 532 638
cam_16 7997 2 4 660 178
cam_16 8021 1 2 811 616
cam_16 7992 2 1 503 184
cam_16 8019 2 1 554 189
cam_16 8070 1 4 1173 595
cam_16 8058 1 1 530 622
cam_16 8047 3 2 1055 612
cam_16 8086 1 1 564 562
cam_16 8081 1 1 655 588
cam_16 8117 1 2 1027 594
cam_16 8107 1 2 835 625
cam_16 8076 2 1 566 188
cam_16 8101 2 1 511 188
cam_16 8149 2 4 642 171
cam_16 8177 1 1 707 607
cam_16 8149 3 1 946 526
cam_16 8203 1 2 956 611
cam_16 8228 1 2 956 618
cam_16 8211 1 2 1132 594
cam_16 8184 1 1 675 617
cam_16 8149 2 1 545 193
cam_16 8184 1 2 965 595
cam_16 8154 3 2 1027 611
cam_16 8167 1 2 1097 595
cam_16 8193 1 2 1162 577
cam_16 8159 1 1 686 615
cam_16 8166 1 1 644 607
cam_16 8172 1 1 750 581
cam_16 8238 1 2 1051 595
cam_16 8229 1 1 692 607
cam_16 8235 1 1 684 606
cam_16 8208 2 1 519 183
cam_16 8334 3 2 350 663
cam_16 8345 1 2 1168 599
cam_16 8265 1 1 777 618
cam_16 8253 2 1 546 183
cam_16 8274 1 1 754 512
cam_16 8309 1 2 1101 519
cam_16 8340 1 1 719 584
cam_16 8285 1 1 721 607
cam_16 8307 1 4 1047 595
cam_16 8334 1 1 546 604
cam_16 8381 1 1 779 611
cam_16 8380 1 1 699 562
cam_16 8373 2 2 549 183
cam_16 8410 1 2 1139 566
cam_16 8324 1 1 743 616
cam_16 8338 2 4 678 170
cam_16 8331 1 1 729 615
cam_16 8327 3 1 1138 530
cam_16 8358 3 1 995 552
cam_16 8328 1 2 993 611
cam_16 8344 1 1 718 581
cam_16 8388 1 2 966 589
cam_16 8334 2 1 539 196
cam_16 8346 2 1 538 188
cam_16 8458 1 2 1145 565
cam_16 8412 2 2 566 204
cam_16 8404 2 1 555 189
cam_16 8415 3 1 1096 519
cam_16 8424 1 1 592 589
cam_16 8449 1 1 582 598
cam_16 8484 1 2 997 603
cam_16 8481 2 2 565 183
cam_16 8413 2 1 518 185
cam_16 8479 1 1 650 604
cam_16 8481 1 1 518 621
cam_16 8496 1 2 1091 588
cam_16 8504 3 1 1026 553
cam_16 8509 2 1 555 196
cam_16 8536 2 2 580 172
cam_16 8519 1 1 552 618
cam_16 8509 3 1 1058 533
cam_16 8491 2 1 535 185
cam_16 8521 3 1 1093 519
cam_16 8536 1 1 568 551
cam_16 8516 3 1 981 540
cam_16 8541 2 1 535 186
cam_16 8593 2 4 673 172
cam_16 8612 2 3 734 176
cam_16 8586 1 1 538 616
cam_16 8585 1 1 691 621
cam_16 8582 2 4 691 171
cam_16 8640 1 1 514 545
cam_16 8598 3 1 529 543
cam_16 8637 1 2 1017 540
cam_16 8602 1 1 592 552
cam_16 8604 3 1 632 593
cam_16 8635 2 4 597 176
cam_16 8619 3 2 1128 545
cam_16 8621 3 2 1008 599
cam_16 8677 2 2 559 183
cam_16 8619 3 1 586 553
cam_16 8714 2 2 695 177
cam_16 8682 3 1 957 571
cam_16 8679 3 1 1081 537
cam_16 8666 1 2 1080 575
cam_16 8724 1 2 1133 590
cam_16 8643 2 4 578 183
cam_16 8686 1 1 592 561
cam_16 8673 3 1 1056 549
cam_16 8651 3 2 1173 555
cam_16 8661 1 2 1080 609
cam_16 8692 3 1 951 563
cam_16 8695 3 1 990 533
cam_16 8706 2 1 546 191
cam_16 8722 2 1 563 195
cam_16 8706 3 1 1039 510
cam_16 8778 2 4 677 167
cam_16 8694 2 2 674 185
cam_16 8787 2 3 527 164
cam_16 8770 2 2 704 194
cam_16 8750 1 2 952 605
cam_16 8744 1 1 584 610
cam_16 8745 2 4 668 168
cam_16 8769 2 1 565 195
cam_16 8806 2 1 535 198
cam_16 8816 1 4 1035 608
cam_16 8806 2 4 505 179
cam_16 8793 1 1 604 607
cam_16 8842 2 1 556 214
cam_16 8793 1 2 894 598
cam_16 8809 2 4 609 183
cam_16 8868 1 4 868 608
cam_16 8883 1 2 1138 578
cam_16 8913 1 2 882 623
cam_16 8837 3 1 1110 523
cam_16 8847 3 1 1148 506
cam_16 8831 2 2 694 189
cam_16 8839 3 1 1053 521
cam_16 8820 3 1 1047 531
cam_16 8827 1 1 483 603
cam_16 8838 1 2 973 604
cam_16 8851 1 4 973 609
cam_16 8823 2 1 535 203
cam_16 8880 1 1 555 601
cam_16 8893 3 1 1031 514
cam_16 8899 1 1 569 620
cam_16 8951 1 2 1138 579
cam_16 8859 2 1 537 197
cam_16 8865 2 1 551 190
cam_16 8904 1 1 539 595
cam_16 8916 3 1 1086 539
cam_16 8913 1 1 474 641
cam_16 8922 1 1 657 612
cam_16 8909 1 1 547 616
cam_16 9021 2 1 549 198
cam_16 8903 3 2 1051 609
cam_16 8909 3 2 1161 553
cam_16 8927 1 1 621 609
cam_16 9024 1 2 964 601
cam_16 8982 1 2 1092 595
cam_16 8967 1 2 759 610
cam_16 8943 3 2 1185 570
cam_16 9027 1 2 1163 557
cam_16 8941 1 1 516 615
cam_16 8946 1 1 591 615
cam_16 9014 1 2 1168 564
cam_16 8973 1 1 591 594
cam_16 8995 1 1 522 593
cam_16 8978 3 1 849 614
cam_16 9044 2 4 687 173
cam_16 9036 3 1 1042 547
cam_16 9001 2 1 563 189
cam_16 9044 3 1 1069 540
cam_16 9023 1 1 627 601
cam_16 9039 1 1 684 611
cam_16 9037 1 1 582 533
cam_16 9069 1 4 1025 550
cam_16 9045 1 1 758 600
cam_16 9051 3 1 1053 525
cam_16 9054 1 1 673 616
cam_16 9071 2 4 677 172
cam_16 9039 2 1 541 199
cam_16 9079 1 1 623 613
cam_16 9099 3 4 1226 548
cam_16 9103 1 2 925 617
cam_16 9097 2 1 554 212
cam_16 9147 2 4 660 174
cam_16 9111 1 1 593 619
cam_16 9119 1 1 662 613
cam_16 9120 3 1 1063 516
cam_16 9143 1 4 1147 597
cam_16 9122 1 1 595 637
cam_16 9129 3 1 1104 527
cam_16 9116 2 4 667 177
cam_16 9136 3 1 1118 528
cam_16 9112 2 1 496 183
cam_16 9151 2 1 555 211
cam_16 9158 3 1 1078 538
cam_16 9216 2 4 669 173
cam_16 9219 1 2 1040 591
cam_16 9163 2 1 553 184
cam_16 9231 2 1 561 202
cam_16 9235 1 2 1174 593
cam_16 9183 1 1 544 579
cam_16 9182 3 2 1053 597
cam_16 9232 1 1 464 553
cam_16 9241 2 2 564 184
cam_16 9228 1 1 509 626
cam_16 9345 1 2 691 597
cam_16 9249 2 4 534 203
cam_16 9253 1 2 825 507
cam_16 9302 1 4 1137 585
cam_16 9253 2 4 643 183
cam_16 9269 3 1 1137 524
cam_16 9290 2 4 655 172
cam_16 9294 1 1 456 573
cam_16 9312 1 2 913 586
cam_16 9324 1 2 905 536
cam_16 9268 2 1 534 199
cam_16 9285 3 1 1084 513
cam_16 9331 3 2 1011 490
cam_16 9325 1 1 787 596
cam_16 9289 1 1 519 580
cam_16 9278 3 2 976 609
cam_16 9324 2 4 588 170
cam_16 9369 1 1 731 613
cam_16 9325 1 1 796 526
cam_16 9349 1 1 605 534
cam_16 9443 1 2 1128 584
cam_16 9333 1 2 642 631
cam_16 9405 1 1 651 605
cam_16 9360 1 2 978 619
cam_16 9409 1 4 1014 608
cam_16 9381 1 1 743 616
cam_16 9345 3 1 1092 524
cam_16 9355 3 1 1060 493
cam_16 9400 1 2 905 606
cam_16 9350 3 1 1161 517
cam_16 9352 3 1 697 586
cam_16 9462 1 2 911 616
cam_16 9448 1 2 954 615
cam_16 9409 1 4 1248 564
cam_16 9441 1 1 717 612
cam_16 9400 1 1 399 606
cam_16 9377 3 2 1030 610
cam_16 9424 1 1 725 612
cam_16 9456 1 1 660 571
cam_16 9414 2 2 570 185
cam_16 9421 3 2 1167 564
cam_16 9450 1 1 661 610
cam_16 9465 1 1 677 608
cam_16 9450 3 1 1143 526
cam_16 9491 1 2 1047 607
cam_16 9490 1 1 410 629
cam_16 9465 3 1 1142 501
cam_16 9524 1 2 958 612
cam_16 9498 2 2 531 185
cam_16 9478 1 1 683 610
cam_16 9518 1 1 678 608
cam_16 9485 3 1 1149 526
cam_16 9530 1 1 657 614
cam_16 9513 3 2 1178 562
cam_16 9576 1 2 1021 578
cam_16 9505 2 1 535 189
cam_16 9534 1 1 1169 537
cam_16 9514 2 1 539 187
cam_16 9548 1 2 1143 577
cam_16 9564 1 1 652 543
cam_16 9555 3 1 1135 539
cam_16 9560 3 1 1125 511
cam_16 9540 1 1 796 578
cam_16 9546 1 1 867 581
cam_16 9566 1 2 835 564
cam_16 9550 1 1 751 607
cam_16 9558 1 1 716 608
cam_16 9593 2 2 662 167
cam_16 9620 2 4 687 174
cam_16 9579 1 1 744 591
cam_16 9585 3 1 1128 531
cam_16 9603 1 1 782 585
cam_16 9582 1 1 777 568
cam_16 9642 1 2 829 621
cam_16 9576 2 1 565 196
cam_16 9622 1 1 780 600
cam_16 9612 1 2 976 601
cam_16 9594 2 1 560 194
cam_16 9604 2 1 514 193
cam_16 9602 3 2 1161 575
cam_16 9705 1 2 1176 583
cam_16 9697 1 1 608 614
cam_16 9672 2 2 672 180
cam_16 9694 1 2 1103 533
cam_16 9719 2 4 673 169
cam_16 9703 1 1 641 584
cam_16 9690 1 1 679 599
cam_16 9678 3 1 1044 532
cam_16 9685 1 1 744 615
cam_16 9719 3 2 1152 593
cam_16 9712 1 1 743 627
cam_16 9721 2 1 542 190
cam_16 9724 1 1 613 594
cam_16 9745 2 1 548 184
cam_16 9798 3 4 1125 489
cam_16 9766 1 2 906 547
cam_16 9853 1 2 1006 607
cam_16 9792 2 1 554 188
cam_16 9790 1 2 1029 603
cam_16 9774 2 1 543 183
cam_16 9870 1 2 1063 589
cam_16 9795 1 1 750 616
cam_16 9796 2 1 545 201
cam_16 9840 1 2 1130 572
cam_16 9829 1 1 737 607
cam_16 9793 1 1 656 545
cam_16 9825 1 2 1023 566
cam_16 9812 1 1 690 600
cam_16 9824 1 1 640 603
cam_16 9819 1 1 697 541
cam_16 9805 3 1 1080 545
cam_16 9835 1 1 600 596
cam_16 9858 1 1 693 589
cam_16 9828 1 1 843 588
cam_16 9863 1 1 706 602
cam_16 9871 1 1 511 558
cam_16 9918 2 4 672 173
cam_16 9873 3 1 555 621
cam_16 9950 1 2 1047 599
cam_16 9903 3 1 1042 547
cam_16 9892 1 2 1116 600
cam_16 9879 3 2 1166 539
cam_16 10006 2 2 513 189
cam_16 9884 3 2 840 609
cam_16 9969 3 1 1029 547
cam_16 9945 2 2 545 183
cam_16 10002 1 2 1176 567
cam_16 9951 2 1 541 190
cam_16 9938 1 2 1088 602
cam_16 9994 2 2 548 182
cam_16 9975 3 1 992 540
cam_16 9963 3 1 1078 535
cam_16 9979 1 1 569 593
cam_16 9969 1 1 566 551
cam_16 10018 3 3 1071 603
cam_16 9999 2 1 510 186
cam_16 10017 1 1 442 568
cam_16 10047 1 2 1191 585
cam_16 10038 2 1 554 187
cam_16 10100 1 2 871 615
cam_16 10047 3 1 948 552
cam_16 10038 2 1 520 193
cam_16 10056 3 1 958 512
cam_16 10095 3 2 1190 581
cam_16 10057 1 1 571 582
cam_16 10056 1 2 798 524
cam_16 10050 2 1 516 186
cam_16 10059 3 1 600 604
cam_16 10103 1 1 628 604
cam_16 10101 2 1 523 183
cam_16 10131 1 2 924 613
cam_16 10068 3 2 886 615
cam_16 10102 1 1 576 565
cam_16 10072 3 2 1183 574
cam_16 10109 3 1 940 548
cam_16 10135 3 1 1070 537
cam_16 10167 3 2 1167 564
cam_16 10116 2 1 527 184
cam_16 10126 2 1 552 191
cam_16 10135 2 1 562 198
cam_16 10125 2 1 520 192
cam_16 10194 1 2 983 609
cam_16 10177 2 2 552 183
cam_16 10141 3 1 1077 533
cam_16 10146 2 4 681 171
cam_16 10176 1 2 880 616
cam_16 10152 2 1 542 186
cam_16 10161 1 1 438 584
cam_16 10179 3 1 1041 544
cam_16 10160 1 2 804 622
cam_16 10184 3 1 962 572
cam_16 10193 1 1 497 614
cam_16 10202 1 1 463 628
cam_16 10206 1 1 600 615
cam_16 10227 3 2 1189 570
cam_16 10182 1 1 417 642
cam_16 10233 1 1 662 620
cam_16 10192 1 1 467 564
cam_16 10209 2 1 564 195
cam_16 10264 2 2 678 186
cam_16 10247 1 1 584 603
cam_16 10261 1 1 716 617
cam_16 10219 1 1 602 620
cam_16 10221 3 1 902 551
cam_16 10272 1 1 603 613
cam_16 10270 1 1 782 545
cam_16 10239 1 1 620 611
cam_16 10286 1 2 1043 607
cam_16 10235 1 2 894 621
cam_16 10227 3 1 963 550
cam_16 10257 2 1 542 191
cam_16 10269 1 1 663 599
cam_16 10309 1 4 1164 530
cam_16 10318 1 1 563 601
cam_16 10359 1 2 1010 603
cam_16 10312 1 2 1112 568
cam_16 10327 1 1 539 568
cam_16 10354 1 1 626 611
cam_16 10296 3 1 525 570
cam_16 10309 2 1 495 183
cam_16 10317 2 1 528 189
cam_16 10323 2 1 523 183
cam_16 10367 1 1 529 618
cam_16 10381 1 2 903 608
cam_16 10392 1 1 524 557
cam_16 10391 3 2 1156 554
cam_16 10388 3 2 959 598
cam_16 10407 1 2 875 551
cam_16 10399 3 2 914 615
cam_16 10425 3 1 1049 527
cam_16 10416 3 1 1050 529
cam_16 10419 2 1 533 190
cam_16 10426 1 1 614 613
cam_16 10447 3 1 1001 510
cam_16 10452 3 1 1033 524
cam_16 10468 1 2 661 616
cam_16 10479 2 4 697 177
cam_16 10468 3 1 1049 539
cam_16 10468 2 4 675 171
cam_16 10495 1 1 457 555
cam_16 10498 1 1 558 628
cam_16 10476 2 1 539 186
cam_16 10550 1 2 1180 532
cam_16 10526 3 1 894 558
cam_16 10528 3 2 1075 553
cam_16 10547 1 2 1038 597
cam_16 10528 2 1 500 185
cam_16 10549 1 1 628 610
cam_16 10557 2 2 570 181
cam_16 10540 1 1 517 607
cam_16 10565 3 2 1217 554
cam_16 10571 1 1 625 599
cam_16 10586 1 1 548 622
cam_16 10575 1 2 1134 569
cam_16 10579 2 2 541 182
cam_16 10579 1 1 896 629
cam_16 10667 1 1 1117 605
cam_16 10584 3 2 1179 561
cam_16 10590 3 2 917 596
cam_16 10606 1 1 563 627
cam_16 10603 1 2 663 553
cam_16 10614 2 2 655 188
cam_16 10701 1 2 945 608
cam_16 10610 3 1 984 534
cam_16 10689 1 1 744 612
cam_16 10629 1 1 603 586
cam_16 10647 1 1 589 607
cam_16 10709 3 2 1168 595
cam_16 10682 1 2 1105 601
cam_16 10634 1 2 978 611
cam_16 10650 2 4 549 172
cam_16 10722 1 2 665 548
cam_16 10689 2 2 558 183
cam_16 10686 2 1 538 200
cam_16 10690 1 1 552 630
cam_16 10668 2 1 535 185
cam_16 10659 2 1 538 185
cam_16 10722 2 2 508 184
cam_16 10714 3 1 962 574
cam_16 10794 1 2 1148 577
cam_16 10699 2 1 539 188
cam_16 10718 3 1 1094 544
cam_16 10774 1 2 695 630
cam_16 10784 1 2 940 617
cam_16 10744 2 1 555 191
cam_16 10746 3 4 1166 595
cam_16 10745 1 2 778 622
cam_16 10770 2 4 677 172
cam_16 10788 1 1 545 632
cam_16 10800 1 2 783 611
cam_16 10832 1 2 819 630
cam_16 10810 3 2 1138 580
cam_16 10780 3 1 1236 566
cam_16 10806 1 1 553 542
cam_16 10757 3 2 944 613
cam_16 10824 3 1 1063 541
cam_16 10838 2 3 684 176
cam_16 10773 2 1 539 189
cam_16 10829 1 1 494 620
cam_16 10810 3 1 842 591
cam_16 10848 2 4 554 169
cam_16 10841 1 1 461 622
cam_16 10846 1 2 1155 580
cam_16 10838 1 1 552 610
cam_16 10812 2 1 576 196
cam_16 10817 1 1 492 623
cam_16 10843 1 1 524 583
cam_16 10847 1 1 493 621
cam_16 10863 1 1 549 539
cam_16 10917 1 2 975 615
cam_16 10857 1 1 524 623
cam_16 10854 3 1 488 620
cam_16 10855 2 1 517 188
cam_16 10855 3 2 816 591
cam_16 10855 2 4 685 175
cam_16 10933 1 1 514 622
cam_16 10893 1 2 1042 585
cam_16 10910 1 1 516 622
cam_16 10896 1 1 487 601
cam_16 10885 1 1 791 593
cam_16 10886 3 2 1187 563
cam_16 10911 1 2 1183 585
cam_16 10896 1 1 599 575
cam_16 11007 1 2 1013 595
cam_16 11007 2 1 541 187
cam_16 10938 2 1 540 185
cam_16 11030 1 2 975 610
cam_16 10997 1 1 716 606
cam_16 10946 3 2 1063 605
cam_16 10944 1 1 502 619
cam_16 11040 3 2 1119 577
cam_16 10962 2 1 555 191
cam_16 11038 1 1 476 594
cam_16 11085 3 2 1168 580
cam_16 11061 1 2 668 556
cam_16 11094 1 2 859 602
cam_16 11043 3 1 951 584
cam_16 11076 3 2 1040 591
cam_16 11071 1 1 547 622
cam_16 11098 2 2 611 185
cam_16 11101 1 1 603 612
cam_16 11064 2 1 542 189
cam_16 11108 1 1 550 609
cam_16 11150 1 2 1061 607
cam_16 11067 3 2 1144 560
cam_16 11127 1 2 996 592
cam_16 11100 3 1 1007 557
cam_16 11075 1 1 434 614
cam_16 11078 1 2 723 625
cam_16 11135 1 2 1178 563
cam_16 11104 2 1 555 198
cam_16 11089 1 1 554 628
cam_16 11095 1 1 650 618
cam_16 11152 1 2 1170 549
cam_16 11184 1 2 926 611
cam_16 11117 1 1 704 621
cam_16 11165 3 1 1115 521
cam_16 11187 3 1 1149 527
cam_16 11181 1 1 552 620
cam_16 11171 3 1 1118 528
cam_16 11228 1 2 1100 596
cam_16 11219 2 2 717 201
cam_16 11194 1 1 498 622
cam_16 11166 1 2 937 603
cam_16 11179 2 1 538 188
cam_16 11170 2 1 531 187
cam_16 11169 3 1 479 566
cam_16 11208 2 2 542 181
cam_16 11261 3 1 646 604
cam_16 11232 1 1 510 561
cam_16 11269 1 2 914 602
cam_16 11223 2 1 540 189
cam_16 11243 1 2 956 616
cam_16 11217 2 1 532 184
cam_16 11268 1 1 480 630
cam_16 11297 1 2 751 576
cam_16 11250 3 1 455 597
cam_16 11305 1 1 541 614
cam_16 11248 1 1 428 574
cam_16 11323 1 2 978 609
cam_16 11344 1 2 980 609
cam_16 11299 1 1 385 583
cam_16 11364 1 2 755 540
cam_16 11294 3 1 1007 559
cam_16 11361 3 2 1178 560
cam_16 11326 1 1 540 624
cam_16 11354 1 2 705 622
cam_16 11297 1 1 737 607
cam_16 11296 1 1 638 585
cam_16 11322 1 2 1171 561
cam_16 11292 3 1 1142 576
cam_16 11318 1 1 644 602
cam_16 11309 1 2 1033 601
cam_16 11332 1 1 541 617
cam_16 11326 1 1 645 612
cam_16 11322 1 1 668 568
cam_16 11388 1 2 972 609
cam_16 11362 2 1 543 184
cam_16 11398 2 1 527 196
cam_16 11388 1 2 610 533
cam_16 11384 1 1 537 611
cam_16 11374 1 1 463 635
cam_16 11383 3 2 1158 569
cam_16 11379 1 2 789 614
cam_16 11428 2 4 501 169
cam_16 11434 1 1 591 549
cam_16 11406 1 1 880 596
cam_16 11416 3 1 1015 484
cam_16 11415 2 4 561 167
cam_16 11416 2 1 552 187
cam_16 11423 2 4 678 175
cam_16 11424 1 1 559 633
cam_16 11425 1 1 417 636
cam_16 11436 1 1 675 603
cam_16 11468 2 4 674 173
cam_16 11433 3 4 846 531
cam_16 11464 3 1 898 581
cam_16 11439 1 1 474 615
cam_16 11462 3 1 1073 543
cam_16 11452 1 1 524 586
cam_16 11487 1 2 1080 601
cam_16 11465 3 1 1047 527
cam_16 11441 2 4 692 177
cam_16 11500 2 4 676 173
cam_16 11490 3 1 1095 515
cam_16 11458 2 1 500 182
cam_16 11454 3 1 565 613
cam_16 11516 1 4 1048 601
cam_16 11540 2 4 683 171
cam_16 11497 1 2 776 631
cam_16 11545 2 2 583 188
cam_16 11527 3 4 1206 573
cam_16 11541 1 2 1036 583
cam_16 11564 1 1 511 609
cam_16 11547 3 1 1108 520
cam_16 11566 2 1 502 187
cam_16 11609 2 4 643 169
cam_16 11600 1 2 894 617
cam_16 11587 1 2 971 609
cam_16 11655 1 2 861 578
cam_16 11677 2 4 694 172
cam_16 11628 2 4 685 172
cam_16 11645 3 1 1096 511
cam_16 11646 2 2 677 185
cam_16 11619 2 1 541 189
cam_16 11621 3 2 1175 560
cam_16 11634 3 1 1105 533
cam_16 11634 2 1 556 199
cam_16 11647 2 1 562 182
cam_16 11704 1 1 473 587
cam_16 11645 1 1 471 626
cam_16 11698 1 1 551 627
cam_16 11692 1 1 561 540
cam_16 11670 2 1 551 186
cam_16 11732 1 1 573 610
cam_16 11699 1 1 695 611
cam_16 11722 1 2 993 605
cam_16 11721 1 2 733 618
cam_16 11727 3 1 1082 520
cam_16 11730 2 4 678 175
cam_16 11699 3 2 1019 610
cam_16 11766 1 4 1172 594
cam_16 11693 1 1 630 588
cam_16 11854 2 1 556 195
cam_16 11776 1 1 641 604
cam_16 11752 1 1 583 584
cam_16 11760 1 1 534 612
cam_16 11820 1 2 1122 584
cam_16 11761 3 1 553 617
cam_16 11761 2 1 550 189
cam_16 11794 1 1 498 591
cam_16 11771 1 1 492 613
cam_16 11802 3 1 1089 484
cam_16 11792 1 2 947 608
cam_16 11790 1 1 633 595
cam_16 11796 1 2 1158 555
cam_16 11856 1 2 909 596
cam_16 11778 2 1 538 181
cam_16 11854 1 2 1062 585
cam_16 11817 3 1 1139 499
cam_16 11817 1 1 598 627
cam_16 11817 3 2 939 480
cam_16 11895 2 3 674 169
cam_16 11826 3 2 821 523
cam_16 11835 2 1 530 187
cam_16 11871 1 1 543 620
cam_16 11878 1 1 514 573
cam_16 11835 1 2 767 628
cam_16 11867 3 1 1049 530
cam_16 11842 1 1 588 622
cam_16 11879 3 1 999 551
cam_16 11859 2 1 555 182
cam_16 11844 2 1 541 184
cam_16 11883 3 1 937 480
cam_16 11864 1 2 930 603
cam_16 11941 3 2 1164 594
cam_16 11969 1 2 868 610
cam_16 11947 1 1 561 628
cam_16 11973 3 3 1215 572
cam_16 11936 1 1 536 596
cam_16 11927 1 2 931 590
cam_16 11923 2 1 539 187
cam_16 11932 2 1 551 191
cam_16 12036 1 2 948 594
cam_16 11992 3 2 1158 575
cam_16 11949 2 1 507 183
cam_16 11958 2 1 512 188
cam_16 11983 3 1 807 576
cam_16 12017 3 2 1140 587
cam_16 12046 1 2 1145 580
cam_16 11995 1 1 484 627
cam_16 11965 1 1 575 612
cam_16 11979 1 1 504 627
cam_16 11992 3 1 867 585
cam_16 12065 3 2 1184 568
cam_16 12018 2 4 686 176
cam_16 12013 2 1 549 190
cam_16 12038 3 1 1151 519
cam_16 12095 3 2 1180 555
cam_16 12052 2 4 527 167
cam_16 12038 1 1 453 653
cam_16 12052 1 2 817 507
cam_16 12039 2 1 559 187
cam_16 12052 1 1 554 618
cam_16 12048 1 1 441 613
cam_16 12054 3 1 502 590
cam_16 12051 3 1 618 578
cam_16 12104 1 2 884 614
cam_16 12072 2 2 673 185
cam_16 12090 1 2 1000 610
cam_16 12076 2 1 549 188
cam_16 12132 2 1 552 188
cam_16 12162 2 2 671 184
cam_16 12069 3 1 1040 542
cam_16 12082 1 1 547 586
cam_16 12083 1 1 601 606
cam_16 12082 1 1 473 639
cam_16 12102 3 1 1120 509
cam_16 12071 3 2 1001 603
cam_16 12120 2 4 505 173
cam_16 12120 1 1 541 592
cam_16 12090 2 1 547 184
cam_16 12147 1 1 520 550
cam_16 12143 3 1 1130 533
cam_16 12179 1 2 935 611
cam_16 12126 2 1 558 196
cam_16 12166 1 1 683 621
cam_16 12151 2 1 542 192
cam_16 12165 2 1 541 189
cam_16 12195 2 4 641 170
cam_16 12159 2 1 554 188
cam_16 12181 2 1 551 191
cam_16 12172 2 1 553 202
cam_16 12256 1 1 498 613
cam_16 12246 1 2 1126 602
cam_16 12228 1 2 1062 609
cam_16 12237 2 3 707 171
cam_16 12238 3 1 1114 537
cam_16 12230 1 1 606 615
cam_16 12285 3 2 1138 553
cam_16 12327 2 4 668 169
cam_16 12299 3 1 1029 553
cam_16 12342 1 2 914 594
cam_16 12267 2 1 530 186
cam_16 12312 3 1 1035 527
cam_16 12354 2 4 680 170
cam_16 12344 3 1 1060 530
cam_16 12362 1 2 985 601
cam_16 12387 1 2 942 607
cam_16 12310 2 1 511 187
cam_16 12358 1 1 496 613
cam_16 12379 2 4 683 169
cam_16 12366 1 1 546 589
cam_16 12385 2 2 693 188
cam_16 12423 1 2 937 619
cam_16 12373 1 1 492 605
cam_16 12399 1 2 902 592
cam_16 12441 1 2 808 615
cam_16 12395 3 1 1148 513
cam_16 12422 3 1 1004 546
cam_16 12408 3 1 1077 545
cam_16 12464 1 2 944 604
cam_16 12420 3 1 1102 525
cam_16 12453 1 1 605 598
cam_16 12445 3 1 1037 560
cam_16 12479 1 2 1108 567
cam_16 12421 2 1 532 190
cam_16 12522 1 2 978 610
cam_16 12439 2 1 542 189
cam_16 12504 1 2 1062 605
cam_16 12445 2 1 551 188
cam_16 12451 2 1 552 187
cam_16 12515 1 2 750 632
cam_16 12516 2 2 676 181
cam_16 12490 2 1 533 183
cam_16 12520 2 1 552 189
cam_16 12564 1 2 1009 587
cam_16 12549 3 1 994 542
cam_16 12605 1 2 1071 591
cam_16 12614 1 2 1094 592
cam_16 12579 3 1 999 519
cam_16 12641 1 2 757 611
cam_16 12642 1 2 1026 578
cam_16 12591 3 1 1080 529
cam_16 12601 1 1 498 581
cam_16 12568 2 1 516 182
cam_16 12603 1 1 709 559
cam_16 12626 1 2 1134 601
cam_16 12585 2 1 541 182
cam_16 12699 1 3 1026 598
cam_16 12663 1 2 992 603
cam_16 12601 2 1 535 188
cam_16 12673 1 1 679 612
cam_16 12616 2 1 511 185
cam_16 12687 3 2 1187 574
cam_16 12624 2 1 571 189
cam_16 12716 1 2 935 602
cam_16 12645 2 1 558 187
cam_16 12758 1 2 713 625
cam_16 12636 2 1 522 180
cam_16 12691 1 1 502 604
cam_16 12700 1 1 678 591
cam_16 12719 3 1 1055 536
cam_16 12709 1 1 601 594
cam_16 12766 2 2 591 191
cam_16 12758 1 2 972 612
cam_16 12731 1 2 1145 573
cam_16 12699 3 1 1076 504
cam_16 12721 1 1 550 561
cam_16 12753 2 4 678 174
cam_16 12767 1 1 712 607
cam_16 12810 1 2 873 603
cam_16 12769 2 1 558 207
cam_16 12851 1 2 1168 598
cam_16 12780 3 1 962 557
cam_16 12786 2 2 568 187
cam_16 12793 1 1 537 556
cam_16 12808 1 1 537 609
cam_16 12819 3 4 1145 560
cam_16 12878 1 2 1029 604
cam_16 12825 1 1 630 611
cam_16 12777 2 2 696 193
cam_16 12828 1 1 516 611
cam_16 12825 3 1 1008 530
cam_16 12854 3 1 1143 523
cam_16 12832 1 1 645 591
cam_16 12837 3 1 991 552
cam_16 12897 1 2 955 607
cam_16 12819 3 1 941 541
cam_16 12830 3 1 937 559
cam_16 12881 3 1 1092 519
cam_16 12894 2 4 691 175
cam_16 12909 1 2 874 604
cam_16 12887 3 1 1140 517
cam_16 12894 1 1 580 616
cam_16 12938 1 2 995 594
cam_16 12906 2 1 551 187
cam_16 12927 2 1 495 182
cam_16 12997 1 2 1083 597
cam_16 12987 2 1 542 187
cam_16 13071 1 2 1000 593
cam_16 13053 2 2 694 192
cam_16 13044 2 4 673 174
cam_16 12975 2 1 503 186
cam_16 13012 1 1 622 572
cam_16 13095 1 2 1034 588
cam_16 13081 1 2 774 630
cam_16 13113 1 2 758 606
cam_16 13044 2 1 510 191
cam_16 13084 2 4 588 169
cam_16 13057 2 1 543 184
cam_16 13119 1 2 1085 582
cam_16 13075 1 1 479 591
cam_16 13152 1 2 1110 598
cam_16 13171 3 2 1143 577
cam_16 13090 2 1 544 188
cam_16 13126 1 1 565 564
cam_16 13095 2 4 683 176
cam_16 13129 3 1 1062 544
cam_16 13182 1 1 934 579
cam_16 13164 2 1 555 191
cam_16 13126 2 1 551 187
cam_16 13200 1 1 635 608
cam_16 13152 2 1 530 184
cam_16 13180 2 1 537 201
cam_16 13275 2 2 554 190
cam_16 13198 3 1 1020 544
cam_16 13241 3 2 1186 595
cam_16 13206 2 1 535 183
cam_16 13283 1 2 1038 598
cam_16 13245 1 1 854 585
cam_16 13319 2 2 674 185
cam_16 13405 1 2 462 634
cam_16 13265 1 1 643 621
cam_16 13276 1 1 734 610
cam_16 13281 1 1 701 609
cam_16 13297 1 1 673 578
cam_16 13307 1 1 725 619
cam_16 13350 1 2 1039 608
cam_16 13305 1 1 786 528
cam_16 13319 1 1 654 595
cam_16 13332 3 2 1129 562
cam_16 13330 2 4 555 169
cam_16 13368 1 2 916 592
cam_16 13345 1 1 700 625
cam_16 13341 1 1 779 608
cam_16 13350 1 1 742 574
cam_16 13377 3 1 1055 549
cam_16 13380 3 1 989 546
cam_16 13369 3 1 1142 530
cam_16 13377 1 1 721 612
cam_16 13329 3 1 622 533
cam_16 13378 3 1 1144 532
cam_16 13427 1 2 1023 613
cam_16 13394 1 1 744 594
cam_16 13463 1 2 1064 606
cam_16 13444 1 2 1002 609
cam_16 13443 1 2 1120 553
cam_16 13431 1 1 680 619
cam_16 13429 3 1 1174 525
cam_16 13423 3 1 1128 533
cam_16 13458 1 1 599 608
cam_16 13433 1 1 821 589
cam_16 13457 3 1 1098 531
cam_16 13477 3 1 1030 561
cam_16 13463 1 1 716 603
cam_16 13436 1 1 740 588
cam_16 13470 3 1 1098 523
cam_16 13500 1 2 1092 581
cam_16 13481 1 1 645 617
cam_16 13481 3 1 1146 517
cam_16 13469 1 1 767 604
cam_16 13488 1 1 653 603
cam_16 13489 1 1 532 619
cam_16 13500 1 1 655 557
cam_16 13494 1 1 705 613
cam_16 13467 3 1 991 547
cam_16 13474 2 1 522 179
cam_16 13500 2 1 508 185
