cam_15 92 3 3 650 165
cam_15 17 1 1 430 494
cam_15 251 4 3 162 589
cam_15 80 4 1 441 504
cam_15 69 1 1 31 501
cam_15 650 1 2 186 557
cam_15 59 1 1 72 504
cam_15 455 6 2 1211 279
cam_15 92 4 1 541 489
cam_15 205 3 3 650 164
cam_15 108 1 1 88 495
cam_15 279 4 2 304 585
cam_15 152 1 1 154 505
cam_15 291 4 2 451 521
cam_15 164 1 1 82 515
cam_15 189 1 1 83 504
cam_15 221 1 1 39 501
cam_15 240 1 1 84 493
cam_15 235 5 1 1127 265
cam_15 247 1 1 107 468
cam_15 270 1 1 68 505
cam_15 750 1 4 165 582
cam_15 688 1 2 340 544
cam_15 527 1 1 127 504
cam_15 692 1 3 72 585
cam_15 595 1 1 93 488
cam_15 619 2 1 747 210
cam_15 616 1 1 117 506
cam_15 611 1 1 85 495
cam_15 621 1 1 155 501
cam_15 637 2 1 791 211
cam_15 666 2 2 644 175
cam_15 673 2 1 725 191
cam_15 642 2 1 747 205
cam_15 633 2 1 741 190
cam_15 669 2 4 591 178
cam_15 624 1 1 202 490
cam_15 663 2 1 782 208
cam_15 684 2 2 607 181
cam_15 700 2 1 798 211
cam_15 723 1 4 103 501
cam_15 707 2 2 650 179
cam_15 720 1 3 60 478
cam_15 735 2 1 724 192
cam_15 728 2 2 596 186
cam_15 924 3 1 842 206
cam_15 750 2 2 606 184
cam_15 816 5 2 1185 277
cam_15 763 2 1 708 190
cam_15 825 1 2 146 544
cam_15 763 1 2 345 530
cam_15 783 2 1 708 196
cam_15 812 1 3 267 589
cam_15 788 1 2 223 547
cam_15 831 2 1 755 207
cam_15 773 1 1 145 507
cam_15 796 2 1 741 206
cam_15 794 1 1 90 505
cam_15 814 2 1 699 183
cam_15 880 2 1 723 175
cam_15 814 2 1 727 197
cam_15 836 1 2 307 553
cam_15 792 1 1 167 495
cam_15 850 1 2 226 532
cam_15 814 1 1 74 508
cam_15 868 2 1 787 203
cam_15 842 1 1 23 511
cam_15 848 1 1 56 516
cam_15 859 1 1 126 508
cam_15 864 1 1 15 508
cam_15 887 1 2 156 552
cam_15 906 1 2 163 570
cam_15 870 1 1 108 502
cam_15 890 1 2 342 541
cam_15 926 1 2 184 525
cam_15 897 1 1 62 509
cam_15 934 2 1 761 190
cam_15 945 1 2 314 518
cam_15 917 1 1 37 513
cam_15 920 2 4 641 170
cam_15 1036 1 4 77 586
cam_15 926 2 1 714 179
cam_15 961 1 1 45 517
cam_15 947 1 1 58 486
cam_15 969 2 1 717 180
cam_15 961 2 2 594 185
cam_15 980 1 1 53 515
cam_15 975 2 1 734 197
cam_15 993 2 1 713 179
cam_15 1006 2 1 720 179
cam_15 1013 2 2 607 185
cam_15 1044 1 2 334 524
cam_15 1014 1 3 151 453
cam_15 1088 1 4 91 587
cam_15 1071 1 2 360 520
cam_15 1059 2 1 752 193
cam_15 1047 1 1 93 505
cam_15 1085 2 1 717 179
cam_15 1054 1 1 64 510
cam_15 1107 1 1 50 496
cam_15 1128 1 2 344 528
cam_15 1108 1 3 290 586
cam_15 1206 1 4 175 579
cam_15 1115 1 2 130 546
cam_15 1121 1 1 49 508
cam_15 1146 5 2 1260 311
cam_15 1182 1 3 86 584
cam_15 1140 1 1 121 508
cam_15 1167 1 1 67 488
cam_15 1164 2 1 756 208
cam_15 1182 5 2 1249 340
cam_15 1240 2 1 754 191
cam_15 1248 1 4 261 581
cam_15 1240 2 1 786 211
cam_15 1233 5 2 1244 326
cam_15 1277 1 2 175 546
cam_15 1267 2 2 647 180
cam_15 1259 1 2 338 520
cam_15 1326 1 2 272 536
cam_15 1311 1 2 278 543
cam_15 1291 2 1 737 178
cam_15 1290 2 1 715 179
cam_15 2124 1 2 241 529
cam_15 1391 4 1 487 500
cam_15 1389 1 1 16 514
cam_15 1436 4 1 288 504
cam_15 1404 4 1 481 499
cam_15 1397 1 1 51 517
cam_15 1408 1 1 55 523
cam_15 1466 4 2 272 571
cam_15 2187 1 4 183 579
cam_15 1458 4 1 529 503
cam_15 1474 4 1 418 500
cam_15 1515 6 1 1145 284
cam_15 1491 6 1 1127 262
cam_15 1443 1 1 67 507
cam_15 1508 4 1 431 502
cam_15 1521 4 2 510 543
cam_15 1499 1 1 81 509
cam_15 1537 1 1 10 497
cam_15 1616 4 2 350 557
cam_15 1564 1 1 20 516
cam_15 1634 4 2 576 517
cam_15 1580 1 1 126 503
cam_15 1601 1 1 73 515
cam_15 1625 1 1 27 511
cam_15 1633 3 1 817 208
cam_15 1641 1 1 25 515
cam_15 1668 1 1 35 508
cam_15 1698 4 1 341 503
cam_15 1671 1 1 89 502
cam_15 1687 1 1 34 508
cam_15 1726 1 1 28 507
cam_15 1739 1 1 38 504
cam_15 1815 6 1 1108 255
cam_15 1754 4 1 578 494
cam_15 1790 1 1 67 517
cam_15 1806 1 1 67 492
cam_15 1817 1 1 80 505
cam_15 1831 1 1 69 496
cam_15 1851 2 1 629 182
cam_15 1889 2 1 601 186
cam_15 1911 1 1 7 508
cam_15 1930 1 1 82 507
cam_15 2033 1 1 53 495
cam_15 2064 1 1 68 506
cam_15 2088 1 1 115 508
cam_15 2095 2 1 754 191
cam_15 2082 1 1 180 508
cam_15 2113 2 1 741 195
cam_15 2143 2 2 642 182
cam_15 2143 1 2 153 551
cam_15 2140 2 1 803 211
cam_15 2103 1 1 182 484
cam_15 2126 1 1 92 503
cam_15 2163 2 1 772 206
cam_15 2172 2 1 708 179
cam_15 2136 1 1 117 459
cam_15 2176 2 1 753 196
cam_15 2194 2 2 644 182
cam_15 2202 2 1 713 178
cam_15 2161 1 2 140 537
cam_15 2209 2 1 754 201
cam_15 2223 2 2 642 184
cam_15 2253 1 4 191 587
cam_15 2214 1 3 100 581
cam_15 2211 2 1 789 209
cam_15 2231 2 2 595 185
cam_15 2231 1 2 144 532
cam_15 2261 2 2 646 181
cam_15 2241 1 1 137 496
cam_15 2286 2 4 661 178
cam_15 2273 1 4 276 579
cam_15 2253 1 1 94 507
cam_15 2304 1 3 312 586
cam_15 2268 1 1 134 505
cam_15 2321 2 2 591 169
cam_15 2300 2 4 665 177
cam_15 2291 1 1 57 515
cam_15 2299 1 2 172 550
cam_15 2320 1 2 352 549
cam_15 2312 1 1 136 501
cam_15 2343 1 4 121 582
cam_15 2329 2 1 766 208
cam_15 2357 2 2 608 184
cam_15 2322 1 1 60 511
cam_15 2335 1 1 101 506
cam_15 2337 1 2 361 544
cam_15 2373 2 4 649 163
cam_15 2376 1 3 192 587
cam_15 2346 1 1 55 503
cam_15 2394 2 2 648 181
cam_15 2397 2 2 597 183
cam_15 2397 1 1 30 508
cam_15 2474 1 3 144 578
cam_15 2390 1 2 165 554
cam_15 2420 1 1 89 508
cam_15 2450 1 1 80 498
cam_15 2463 2 4 602 172
cam_15 2450 1 1 150 489
cam_15 2568 1 4 214 579
cam_15 2495 2 1 721 178
cam_15 2493 2 1 755 204
cam_15 2518 2 1 717 179
cam_15 2483 2 1 706 179
cam_15 2532 1 4 202 578
cam_15 2498 1 1 148 494
cam_15 2589 1 4 73 585
cam_15 2525 2 2 632 182
cam_15 2564 2 1 724 179
cam_15 2624 1 2 228 535
cam_15 2595 2 1 707 178
cam_15 2593 1 2 373 529
cam_15 2594 1 2 244 527
cam_15 2616 1 2 381 525
cam_15 2610 1 1 101 504
cam_15 2655 1 2 254 550
cam_15 2655 2 1 759 192
cam_15 2625 1 1 71 507
cam_15 2630 1 1 133 498
cam_15 2644 2 1 725 179
cam_15 2674 1 2 335 544
cam_15 2689 2 1 753 190
cam_15 2689 1 2 149 550
cam_15 2723 1 4 161 586
cam_15 2701 2 1 755 198
cam_15 2683 2 2 631 181
cam_15 2676 1 1 82 509
cam_15 2775 1 4 183 585
cam_15 2831 1 4 187 580
cam_15 2791 1 2 141 549
cam_15 2875 4 1 411 507
cam_15 2879 1 1 49 514
cam_15 2888 4 1 588 496
cam_15 2878 6 1 1140 274
cam_15 2918 4 1 409 493
cam_15 2886 4 1 484 493
cam_15 2908 4 1 544 496
cam_15 2996 4 3 194 589
cam_15 3015 4 2 551 520
cam_15 3008 1 1 41 510
cam_15 2994 6 1 1128 280
cam_15 3052 6 1 1095 249
cam_15 3049 1 1 31 511
cam_15 3072 4 2 522 520
cam_15 3034 1 1 24 510
cam_15 3143 1 1 22 508
cam_15 3182 1 1 47 511
cam_15 3171 1 1 63 514
cam_15 3183 1 1 178 496
cam_15 3184 1 1 102 511
cam_15 3228 1 1 119 509
cam_15 3268 1 1 42 510
cam_15 3313 1 1 9 512
cam_15 3318 1 1 79 504
cam_15 3343 1 1 43 512
cam_15 3357 6 1 1060 239
cam_15 3414 2 1 731 195
cam_15 3448 1 1 27 508
cam_15 3451 1 1 73 514
cam_15 3516 2 1 745 198
cam_15 3513 2 1 718 178
cam_15 3535 2 1 751 191
cam_15 3564 2 1 725 187
cam_15 3544 1 1 83 510
cam_15 3563 1 2 341 523
cam_15 3576 2 2 595 184
cam_15 3567 2 2 649 182
cam_15 3551 1 2 225 522
cam_15 3591 2 3 647 176
cam_15 3584 1 2 236 520
cam_15 3597 1 2 335 538
cam_15 3588 2 2 595 200
cam_15 3591 2 1 738 195
cam_15 3624 1 2 188 517
cam_15 3621 2 2 648 182
cam_15 3615 2 4 593 177
cam_15 3620 1 2 328 522
cam_15 3651 2 2 654 179
cam_15 3639 2 2 598 180
cam_15 3606 1 1 171 503
cam_15 3651 1 2 297 550
cam_15 3645 2 1 725 179
cam_15 3665 2 2 595 182
cam_15 3684 2 2 751 192
cam_15 3661 1 1 17 504
cam_15 3681 2 1 734 200
cam_15 3668 1 2 216 540
cam_15 3659 1 1 136 510
cam_15 3690 2 4 610 179
cam_15 3713 1 1 59 505
cam_15 3761 1 4 129 581
cam_15 3730 1 1 90 514
cam_15 3748 2 1 747 191
cam_15 3767 2 2 603 168
cam_15 3791 2 1 724 179
cam_15 3795 1 1 102 495
cam_15 3815 1 2 316 518
cam_15 3831 1 2 275 533
cam_15 3825 2 1 767 206
cam_15 3830 1 1 53 505
cam_15 3828 1 1 127 496
cam_15 3832 2 2 651 173
cam_15 3854 2 1 727 178
cam_15 3873 1 2 238 549
cam_15 3846 2 2 599 175
cam_15 3855 1 1 83 511
cam_15 3863 2 2 598 184
cam_15 3876 1 1 35 518
cam_15 3876 1 1 127 504
cam_15 3896 1 2 222 590
cam_15 3889 1 1 117 514
cam_15 3939 1 2 234 526
cam_15 3900 1 1 145 484
cam_15 3941 2 1 723 179
cam_15 3953 1 1 85 497
cam_15 4012 1 4 120 581
cam_15 3972 2 4 647 175
cam_15 4000 2 1 751 206
cam_15 4040 1 1 269 530
cam_15 4037 2 2 640 184
cam_15 4064 2 1 714 178
cam_15 4082 1 2 206 539
cam_15 4068 1 1 59 515
cam_15 4084 1 1 105 508
cam_15 4078 2 1 752 200
cam_15 4097 1 2 206 546
cam_15 4101 2 1 725 177
cam_15 4089 2 1 711 205
cam_15 4099 2 2 778 208
cam_15 4127 1 2 171 546
cam_15 4116 1 1 73 507
cam_15 4147 2 1 739 195
cam_15 4143 1 2 248 506
cam_15 4125 1 1 67 500
cam_15 4177 2 1 750 196
cam_15 4169 1 1 82 513
cam_15 4208 2 2 601 165
cam_15 4182 1 1 81 508
cam_15 4215 2 1 710 176
cam_15 4198 1 1 78 520
cam_15 4200 1 1 162 489
cam_15 4213 1 1 182 509
cam_15 4236 1 1 117 509
cam_15 4494 3 3 692 179
cam_15 4307 1 1 45 493
cam_15 4352 4 3 219 587
cam_15 4287 1 1 37 509
cam_15 4745 6 2 1153 252
cam_15 4369 3 1 740 204
cam_15 4331 1 1 14 509
cam_15 4395 4 1 377 500
cam_15 4341 1 1 73 464
cam_15 4467 4 4 312 586
cam_15 4472 1 1 19 510
cam_15 4508 1 1 54 509
cam_15 4534 4 1 566 486
cam_15 4594 1 1 25 510
cam_15 4711 4 1 513 477
cam_15 4848 1 1 127 500
cam_15 4814 6 1 1097 264
cam_15 4860 1 1 100 504
cam_15 4877 2 1 647 181
cam_15 4884 1 1 132 503
cam_15 4923 2 1 717 177
cam_15 4938 2 2 594 188
cam_15 4926 2 1 802 212
cam_15 4926 2 1 771 201
cam_15 4910 1 1 171 510
cam_15 4959 2 2 654 180
cam_15 4958 2 2 595 175
cam_15 4950 2 1 737 193
cam_15 4950 2 1 782 205
cam_15 4947 1 2 279 520
cam_15 4931 1 1 215 497
cam_15 4974 2 1 732 192
cam_15 4939 5 1 1219 332
cam_15 4971 1 2 282 513
cam_15 4992 2 1 754 194
cam_15 4993 2 1 725 199
cam_15 4959 1 1 193 502
cam_15 4999 2 1 768 204
cam_15 5013 1 2 269 513
cam_15 5033 2 2 648 181
cam_15 5006 2 2 601 185
cam_15 4980 1 1 156 509
cam_15 5008 3 1 811 212
cam_15 5003 2 1 653 184
cam_15 5076 1 2 165 564
cam_15 5052 2 1 740 188
cam_15 4995 1 1 185 488
cam_15 5019 2 1 754 202
cam_15 5046 1 2 343 522
cam_15 5018 1 1 137 504
cam_15 5076 1 2 382 518
cam_15 5013 1 1 198 478
cam_15 5067 2 1 737 191
cam_15 5056 2 1 708 180
cam_15 5103 1 2 347 522
cam_15 5042 1 1 52 509
cam_15 5093 1 2 156 558
cam_15 5054 1 1 62 506
cam_15 5061 1 1 130 504
cam_15 5070 2 1 756 204
cam_15 5076 1 1 46 505
cam_15 5131 1 2 300 551
cam_15 5157 1 2 95 552
cam_15 5097 1 1 62 502
cam_15 5163 1 2 313 541
cam_15 5136 2 1 723 183
cam_15 5169 1 2 189 522
cam_15 5133 5 2 1241 328
cam_15 5220 1 4 185 589
cam_15 5190 1 2 165 530
cam_15 5180 2 2 608 184
cam_15 5177 1 1 81 502
cam_15 5197 2 1 715 177
cam_15 5198 1 1 44 512
cam_15 5250 1 2 363 532
cam_15 5229 1 1 26 512
cam_15 5314 1 4 169 575
cam_15 5231 1 1 371 524
cam_15 5244 2 2 599 185
cam_15 5261 1 2 154 562
cam_15 5291 2 3 644 168
cam_15 5273 1 1 80 509
cam_15 5258 1 1 104 495
cam_15 5292 5 4 1254 340
cam_15 5396 1 4 167 577
cam_15 5332 2 1 722 175
cam_15 5361 1 2 186 518
cam_15 5318 1 2 368 528
cam_15 5346 1 2 370 524
cam_15 5343 1 2 159 543
cam_15 5346 2 1 608 187
cam_15 5346 1 1 87 497
cam_15 5319 2 1 780 204
cam_15 5355 2 1 709 179
cam_15 5433 1 4 78 583
cam_15 5424 1 2 318 533
cam_15 5455 1 4 244 588
cam_15 5420 2 1 716 179
cam_15 5433 2 1 755 191
cam_15 5449 1 2 148 550
cam_15 5401 1 4 343 548
cam_15 5505 2 1 764 199
cam_15 5471 1 2 341 540
cam_15 5450 1 1 63 502
cam_15 5481 1 2 127 537
cam_15 5491 2 1 726 204
cam_15 5498 1 2 365 520
cam_15 5502 2 1 740 197
cam_15 5510 1 2 202 526
cam_15 5489 1 1 57 503
cam_15 5502 1 1 71 500
cam_15 5535 1 2 226 526
cam_15 5675 4 1 321 504
cam_15 5525 1 2 356 548
cam_15 5513 1 1 53 508
cam_15 5566 1 2 127 589
cam_15 5585 1 4 310 581
cam_15 5596 1 2 225 552
cam_15 5616 1 2 201 538
cam_15 5634 1 2 276 526
cam_15 5657 4 1 582 494
cam_15 5613 1 1 117 505
cam_15 5642 1 1 101 483
cam_15 5637 1 1 130 499
cam_15 5658 1 1 57 505
cam_15 5716 4 1 288 511
cam_15 5730 4 1 329 507
cam_15 5685 1 1 13 490
cam_15 5706 1 1 65 515
cam_15 5701 1 1 28 487
cam_15 5786 4 4 212 584
cam_15 5717 1 1 68 509
cam_15 5747 1 1 21 507
cam_15 5727 1 1 257 500
cam_15 5847 3 3 663 165
cam_15 5772 5 1 1136 280
cam_15 5821 1 1 24 493
cam_15 5820 1 1 65 510
cam_15 5844 1 1 56 512
cam_15 5860 1 1 48 512
cam_15 5877 1 1 72 507
cam_15 5886 1 1 63 507
cam_15 5898 1 1 117 506
cam_15 5922 1 1 87 511
cam_15 5936 1 1 120 514
cam_15 5961 1 1 71 516
cam_15 6156 6 2 1173 257
cam_15 5952 1 1 159 508
cam_15 5977 1 1 53 497
cam_15 5987 1 1 103 510
cam_15 6103 1 1 15 472
cam_15 6121 1 1 64 517
cam_15 6139 2 1 787 212
cam_15 6144 1 1 54 509
cam_15 6249 6 4 1197 207
cam_15 6163 1 1 102 509
cam_15 6160 1 1 43 512
cam_15 6173 1 1 146 506
cam_15 6184 1 1 24 500
cam_15 6186 1 1 86 509
cam_15 6212 1 1 25 511
cam_15 6231 1 1 77 506
cam_15 6231 1 1 195 497
cam_15 6242 1 1 142 503
cam_15 6319 1 1 30 518
cam_15 6361 4 1 310 507
cam_15 6348 1 1 136 499
cam_15 6393 1 1 65 511
cam_15 6413 1 1 76 508
cam_15 6428 2 1 771 214
cam_15 6423 1 3 189 584
cam_15 6388 2 1 756 204
cam_15 6513 1 4 100 581
cam_15 6406 2 1 692 200
cam_15 6405 3 1 805 212
cam_15 6380 1 2 305 516
cam_15 6393 2 1 764 214
cam_15 7163 6 1 1170 294
cam_15 6424 2 1 733 210
cam_15 6441 2 2 605 183
cam_15 6425 1 1 84 502
cam_15 6439 1 1 88 503
cam_15 6435 1 2 290 522
cam_15 6449 1 1 92 492
cam_15 6480 2 4 602 176
cam_15 6478 2 1 679 197
cam_15 6494 2 1 671 180
cam_15 6511 2 2 644 193
cam_15 6495 2 2 593 186
cam_15 6465 1 1 66 487
cam_15 6522 1 2 295 566
cam_15 6530 2 2 680 178
cam_15 6540 5 2 1229 314
cam_15 6566 2 2 587 162
cam_15 6535 2 1 752 195
cam_15 6558 3 1 799 213
cam_15 6537 1 2 133 564
cam_15 6584 2 3 655 178
cam_15 6554 1 1 86 507
cam_15 6571 1 2 276 531
cam_15 6623 2 2 613 169
cam_15 6626 2 2 670 181
cam_15 6603 1 2 339 530
cam_15 6615 2 1 744 192
cam_15 6630 2 1 741 194
cam_15 6660 2 2 652 182
cam_15 6620 1 2 181 549
cam_15 6704 2 1 709 177
cam_15 6633 1 1 70 499
cam_15 6642 1 2 291 536
cam_15 6654 2 1 770 203
cam_15 6660 2 1 763 207
cam_15 6642 1 1 121 512
cam_15 6678 1 4 168 584
cam_15 6671 1 2 140 530
cam_15 6675 2 1 759 205
cam_15 6695 1 2 146 551
cam_15 6711 2 2 631 182
cam_15 6711 1 2 253 535
cam_15 6677 5 1 1198 314
cam_15 6763 1 4 252 585
cam_15 6741 2 1 737 190
cam_15 6759 2 1 755 208
cam_15 6791 1 1 27 512
cam_15 6780 2 1 752 200
cam_15 6771 2 1 736 199
cam_15 6772 1 1 42 514
cam_15 6754 1 2 138 512
cam_15 6793 1 2 280 573
cam_15 6801 2 1 748 191
cam_15 6797 1 2 187 518
cam_15 6853 1 4 101 555
cam_15 6771 1 1 116 513
cam_15 6813 2 1 753 202
cam_15 6791 1 1 104 510
cam_15 6813 2 2 600 185
cam_15 6838 2 1 789 210
cam_15 6820 5 3 1240 343
cam_15 6792 1 1 357 489
cam_15 6880 2 1 738 196
cam_15 6860 1 2 229 576
cam_15 6879 1 2 174 550
cam_15 6915 2 1 767 199
cam_15 6942 1 4 159 581
cam_15 6960 2 4 641 176
cam_15 7027 2 2 616 188
cam_15 6992 1 4 197 581
cam_15 7055 2 4 591 175
cam_15 7056 1 1 22 509
cam_15 7037 1 2 223 552
cam_15 7143 1 2 28 517
cam_15 7047 2 1 744 191
cam_15 7044 2 2 654 183
cam_15 7064 2 2 649 181
cam_15 7080 2 2 613 185
cam_15 7083 1 1 197 508
cam_15 7131 4 1 529 497
cam_15 7155 4 1 582 498
cam_15 7163 1 1 56 503
cam_15 7173 1 1 56 518
cam_15 7199 4 1 480 496
cam_15 7157 1 1 112 491
cam_15 7225 4 2 614 549
cam_15 7309 3 3 649 165
cam_15 7214 1 1 151 501
cam_15 7317 1 1 61 510
cam_15 7341 4 2 414 565
cam_15 7364 4 2 549 520
cam_15 7380 1 1 72 512
cam_15 7359 1 1 127 508
cam_15 7527 3 1 748 193
cam_15 7559 5 4 1165 270
cam_15 7795 1 2 314 533
cam_15 7758 2 1 765 211
cam_15 7770 2 1 764 214
cam_15 7786 2 1 794 211
cam_15 7782 2 1 736 202
cam_15 7792 2 1 738 202
cam_15 7794 3 1 823 210
cam_15 7786 1 1 55 509
cam_15 7814 1 2 315 539
cam_15 7854 1 2 162 565
cam_15 7819 2 1 739 208
cam_15 7830 1 1 70 506
cam_15 7828 1 2 225 534
cam_15 7862 1 2 388 531
cam_15 7864 2 2 604 183
cam_15 7847 1 1 106 506
cam_15 7880 2 2 605 185
cam_15 7888 2 1 773 211
cam_15 7912 2 1 754 206
cam_15 7880 1 1 65 504
cam_15 7900 1 2 289 549
cam_15 7886 1 1 181 510
cam_15 7916 2 2 626 186
cam_15 7922 1 2 298 550
cam_15 7911 1 1 76 507
cam_15 7939 2 2 649 182
cam_15 7943 2 4 598 172
cam_15 8014 1 4 160 567
cam_15 7967 2 2 644 185
cam_15 7950 1 1 99 513
cam_15 7943 1 4 285 549
cam_15 7985 2 2 611 182
cam_15 7998 2 1 739 192
cam_15 8008 2 1 734 194
cam_15 8049 1 4 176 576
cam_15 8062 2 1 755 196
cam_15 8040 2 1 746 195
cam_15 8081 2 2 604 185
cam_15 8142 1 4 191 583
cam_15 8098 2 1 738 200
cam_15 8082 1 1 166 498
cam_15 8162 1 3 49 587
cam_15 8164 1 4 271 586
cam_15 8179 1 1 81 508
cam_15 8213 1 2 272 529
cam_15 8185 1 2 336 530
cam_15 8188 1 1 60 512
cam_15 8218 1 1 133 509
cam_15 8252 1 2 262 534
cam_15 8238 1 1 102 503
cam_15 8250 2 1 750 190
cam_15 8244 1 1 56 505
cam_15 8255 1 1 67 515
cam_15 8265 1 2 337 522
cam_15 8293 1 4 151 586
cam_15 8274 2 4 612 178
cam_15 8326 2 2 656 180
cam_15 8292 2 2 611 184
cam_15 8298 2 1 754 193
cam_15 8324 1 2 214 528
cam_15 8329 1 1 84 508
cam_15 8347 2 1 744 206
cam_15 8324 1 1 115 507
cam_15 8356 2 1 792 207
cam_15 8360 1 2 257 553
cam_15 8373 2 1 751 192
cam_15 8359 1 1 110 510
cam_15 8376 1 2 284 518
cam_15 8397 1 2 204 551
cam_15 8427 2 4 596 165
cam_15 8418 1 2 306 531
cam_15 8411 1 1 127 507
cam_15 8427 2 1 751 201
cam_15 8442 1 2 209 552
cam_15 8432 1 1 112 513
cam_15 8437 2 1 750 203
cam_15 8445 1 1 89 503
cam_15 8448 2 1 747 200
cam_15 8453 1 2 334 529
cam_15 8455 1 1 100 504
cam_15 8478 1 2 163 531
cam_15 8480 2 2 607 185
cam_15 8499 2 1 733 197
cam_15 8505 5 2 1237 325
cam_15 8538 1 1 52 509
cam_15 8533 2 1 725 215
cam_15 8556 2 1 713 192
cam_15 8581 4 1 455 493
cam_15 8563 4 1 520 487
cam_15 8570 1 1 426 483
cam_15 8668 4 4 262 538
cam_15 8644 1 1 35 510
cam_15 8693 4 3 436 583
cam_15 8802 4 3 105 589
cam_15 8705 4 1 566 489
cam_15 8744 4 1 574 490
cam_15 8813 4 4 407 582
cam_15 8901 4 2 201 586
cam_15 8898 6 1 1096 249
cam_15 8906 4 1 387 503
cam_15 8928 6 1 1123 277
cam_15 8931 4 2 419 526
cam_15 8981 2 1 680 179
cam_15 9056 6 1 1237 342
cam_15 9131 6 2 1145 250
cam_15 9186 2 1 738 193
cam_15 9280 1 2 219 529
cam_15 9261 1 1 103 501
cam_15 9248 1 1 142 510
cam_15 9272 1 1 124 508
cam_15 9289 2 1 654 182
cam_15 9293 1 2 311 520
cam_15 9313 2 1 726 209
cam_15 9288 1 1 104 506
cam_15 9304 1 1 120 504
cam_15 9318 1 1 35 511
cam_15 9383 2 2 638 170
cam_15 9349 2 2 596 203
cam_15 9345 1 2 130 546
cam_15 9340 1 4 258 552
cam_15 9342 1 1 74 504
cam_15 9407 2 2 628 185
cam_15 9365 1 2 250 528
cam_15 9426 1 4 145 583
cam_15 9444 1 4 275 580
cam_15 9417 2 1 741 207
cam_15 9446 2 2 595 183
cam_15 9438 2 1 766 201
cam_15 9463 2 1 734 195
cam_15 9450 2 1 665 182
cam_15 9475 1 4 220 588
cam_15 9451 2 1 723 204
cam_15 9452 1 1 79 515
cam_15 9454 1 1 157 504
cam_15 9481 2 1 719 202
cam_15 9491 1 1 34 505
cam_15 9498 2 1 752 201
cam_15 9502 2 4 601 184
cam_15 9548 1 2 85 556
cam_15 9524 2 2 605 186
cam_15 9553 3 1 793 210
cam_15 9559 2 1 752 209
cam_15 9602 1 2 164 555
cam_15 9579 1 2 139 546
cam_15 9594 1 2 330 539
cam_15 9629 1 2 240 558
cam_15 9651 1 4 266 581
cam_15 9640 2 1 765 213
cam_15 9656 1 2 201 519
cam_15 9687 1 2 209 530
cam_15 9663 2 1 760 206
cam_15 9665 1 1 157 507
cam_15 9679 2 1 737 195
cam_15 9695 2 2 602 184
cam_15 9696 2 1 753 195
cam_15 9711 1 4 269 586
cam_15 9710 2 4 625 177
cam_15 9717 1 2 161 536
cam_15 9759 1 4 67 591
cam_15 9734 2 4 645 172
cam_15 9761 1 4 228 583
cam_15 9789 1 4 69 582
cam_15 9774 2 4 641 182
cam_15 9790 1 4 183 553
cam_15 9787 2 1 733 198
cam_15 9814 2 1 752 201
cam_15 9812 2 2 591 186
cam_15 9851 1 2 150 541
cam_15 9822 2 1 749 211
cam_15 9816 1 1 167 509
cam_15 9792 1 2 380 537
cam_15 9862 2 1 754 196
cam_15 9861 2 1 723 193
cam_15 9860 1 2 241 524
cam_15 9851 1 3 256 575
cam_15 9867 1 1 69 502
cam_15 9876 1 2 374 513
cam_15 9891 2 1 759 214
cam_15 9876 1 1 104 491
cam_15 9892 2 1 726 203
cam_15 9896 1 1 127 504
cam_15 9900 1 1 172 496
cam_15 9923 1 1 119 501
cam_15 9938 1 1 96 508
cam_15 9944 2 2 606 185
cam_15 9947 1 1 102 515
cam_15 9996 1 3 74 582
cam_15 10102 4 3 246 589
cam_15 10065 1 1 19 481
cam_15 10188 4 3 112 583
cam_15 10284 4 3 132 587
cam_15 10266 4 4 448 574
cam_15 10398 4 4 242 570
cam_15 10455 4 4 224 583
cam_15 10361 1 4 233 586
cam_15 10359 1 4 384 475
cam_15 10475 4 1 474 490
cam_15 10465 1 2 427 555
cam_15 10533 3 1 812 208
cam_15 10696 2 1 756 210
cam_15 10691 1 1 155 501
cam_15 10707 2 1 767 211
cam_15 10690 1 1 100 511
cam_15 10711 2 1 659 184
cam_15 10714 2 1 793 211
cam_15 10731 2 2 623 183
cam_15 10731 2 1 791 211
cam_15 10710 1 2 312 491
cam_15 10767 2 1 720 200
cam_15 10731 1 2 300 526
cam_15 10811 1 4 198 587
cam_15 10717 1 1 197 505
cam_15 10776 2 1 737 200
cam_15 10774 1 2 354 562
cam_15 10760 2 2 605 182
cam_15 10775 1 4 95 590
cam_15 10802 5 1 1232 333
cam_15 10755 1 1 75 510
cam_15 10809 2 1 687 210
cam_15 10836 1 3 155 586
cam_15 10785 1 2 166 537
cam_15 10819 2 1 610 185
cam_15 10864 2 1 749 195
cam_15 10767 3 2 814 202
cam_15 10838 2 1 644 183
cam_15 10857 2 2 614 184
cam_15 10929 1 4 165 580
cam_15 10913 2 2 639 181
cam_15 10908 2 1 755 190
cam_15 10890 1 1 162 454
cam_15 10929 2 2 639 183
cam_15 10917 2 1 779 205
cam_15 10942 2 1 763 214
cam_15 10972 2 1 780 206
cam_15 10987 1 4 103 582
cam_15 10981 2 2 646 176
cam_15 10963 2 1 761 209
cam_15 10947 5 2 1255 347
cam_15 11026 2 1 752 199
cam_15 11007 1 2 215 554
cam_15 11021 1 2 256 533
cam_15 11028 1 1 36 510
cam_15 11063 1 4 95 584
cam_15 11033 1 1 84 506
cam_15 11067 1 2 310 538
cam_15 11091 1 1 225 573
cam_15 11137 2 2 631 183
cam_15 11369 6 1 1158 298
cam_15 11171 2 2 628 181
cam_15 11182 2 1 754 191
cam_15 11156 1 2 227 561
cam_15 11181 1 1 132 494
cam_15 11157 1 1 109 492
cam_15 11189 1 1 73 499
cam_15 11205 1 2 233 528
cam_15 11259 1 1 63 505
cam_15 11229 2 4 608 164
cam_15 11232 2 1 747 190
cam_15 11244 1 2 270 542
cam_15 11251 2 2 630 182
cam_15 11289 1 4 111 581
cam_15 11266 2 4 633 176
cam_15 11281 2 1 750 201
cam_15 11305 1 2 196 530
cam_15 11321 1 2 315 556
cam_15 11328 2 1 767 214
cam_15 11352 2 1 732 202
cam_15 11344 1 2 245 529
cam_15 11374 2 1 753 199
cam_15 11394 1 1 110 502
cam_15 11425 1 1 24 504
cam_15 11437 1 1 49 503
cam_15 11482 6 1 1145 283
cam_15 11592 1 1 294 561
cam_15 11490 1 1 41 509
cam_15 11523 1 1 52 496
cam_15 11541 1 1 43 512
cam_15 11622 4 2 606 545
cam_15 11612 1 1 63 515
cam_15 11648 1 1 68 501
cam_15 11733 1 1 88 511
cam_15 11761 1 1 17 480
cam_15 11787 1 1 31 506
cam_15 11760 1 1 151 510
cam_15 11800 1 1 32 513
cam_15 11853 2 1 746 202
cam_15 12002 6 4 1204 239
cam_15 11967 1 1 439 494
cam_15 12265 1 2 257 550
cam_15 12105 2 1 772 212
cam_15 12154 3 1 810 212
cam_15 12161 6 2 1168 264
cam_15 12180 1 1 44 510
cam_15 12195 2 2 602 162
cam_15 12210 1 1 67 500
cam_15 12258 2 2 647 185
cam_15 12240 2 2 608 178
cam_15 12252 1 1 26 498
cam_15 12249 1 1 63 517
cam_15 12279 2 4 597 180
cam_15 12300 1 1 59 512
cam_15 12283 1 1 163 508
cam_15 12345 1 2 235 532
cam_15 12306 1 2 240 519
cam_15 12306 5 4 1244 314
cam_15 12302 1 1 141 495
cam_15 12334 3 1 783 211
cam_15 12375 1 2 208 549
cam_15 12350 1 1 75 497
cam_15 12358 2 4 600 178
cam_15 12393 2 1 753 194
cam_15 12402 1 2 224 530
cam_15 12400 2 4 610 200
cam_15 12424 2 1 754 191
cam_15 12408 2 2 655 184
cam_15 12408 1 1 69 501
cam_15 12420 1 2 269 525
cam_15 12402 1 1 132 496
cam_15 12432 1 1 73 506
cam_15 12437 1 2 299 525
cam_15 12437 1 1 146 503
cam_15 12469 1 4 221 587
cam_15 12441 1 1 191 511
cam_15 12485 2 4 648 163
cam_15 12458 1 1 141 498
cam_15 12486 2 1 750 197
cam_15 12476 1 1 105 497
cam_15 12477 2 1 754 193
cam_15 12509 5 4 1232 273
cam_15 12537 1 3 115 587
cam_15 12522 1 1 72 516
cam_15 12506 1 2 236 555
cam_15 12535 2 2 603 187
cam_15 12528 1 1 121 478
cam_15 12531 2 1 753 204
cam_15 12565 2 1 781 204
cam_15 12563 1 2 201 553
cam_15 12549 2 1 751 193
cam_15 12541 2 1 709 197
cam_15 12547 1 1 163 503
cam_15 12585 1 1 66 502
cam_15 12597 1 2 201 561
cam_15 12586 2 1 773 209
cam_15 12573 2 1 766 212
cam_15 12639 2 4 644 158
cam_15 12624 2 2 594 164
cam_15 12623 1 1 64 511
cam_15 12637 1 1 109 512
cam_15 12666 2 2 611 186
cam_15 12696 2 2 646 184
cam_15 12734 1 4 123 587
cam_15 12714 2 1 748 213
cam_15 12757 2 2 610 183
cam_15 12826 1 4 138 551
cam_15 12757 2 1 749 190
cam_15 12755 1 1 122 501
cam_15 12851 2 4 643 157
cam_15 12828 2 1 790 210
cam_15 12860 1 4 155 588
cam_15 12885 1 1 129 500
cam_15 12879 1 2 282 550
cam_15 12852 3 4 839 204
cam_15 12887 2 4 598 179
cam_15 12888 1 1 172 498
cam_15 12972 4 1 450 493
cam_15 12937 1 1 17 504
cam_15 13055 4 3 142 588
cam_15 13006 4 2 491 557
cam_15 13104 4 3 186 586
cam_15 13026 1 1 23 514
cam_15 13144 4 3 174 588
cam_15 13187 4 3 180 590
cam_15 13125 1 1 187 500
cam_15 13248 4 4 140 588
cam_15 13145 1 1 142 484
cam_15 13251 4 1 444 504
cam_15 13287 3 1 809 210
cam_15 13475 1 2 125 565
cam_15 13434 1 1 72 499
cam_15 13446 1 1 139 498
cam_15 13460 1 1 87 502
