cam_23 31 1 1 337 498
cam_23 39 2 1 1056 323
cam_23 125 1 2 158 576
cam_23 104 1 1 271 521
cam_23 152 1 1 291 536
cam_23 267 1 2 162 566
cam_23 247 2 1 1048 323
cam_23 265 2 1 1052 324
cam_23 258 2 1 1066 322
cam_23 275 2 1 1041 319
cam_23 282 2 1 1065 323
cam_23 289 2 1 1043 341
cam_23 306 2 1 1072 320
cam_23 329 2 4 1014 276
cam_23 340 2 1 1053 342
cam_23 417 2 1 1074 327
cam_23 441 2 1 1069 331
cam_23 443 1 1 191 497
cam_23 482 2 3 1023 305
cam_23 481 1 1 236 499
cam_23 492 1 1 219 479
cam_23 510 1 1 270 478
cam_23 525 2 4 1028 294
cam_23 532 2 1 1078 327
cam_23 570 2 1 1080 325
cam_23 571 2 4 1029 304
cam_23 594 1 1 314 474
cam_23 574 1 1 197 501
cam_23 602 2 1 1041 318
cam_23 612 2 1 1047 321
cam_23 629 2 1 1069 323
cam_23 670 1 4 83 522
cam_23 693 2 1 1048 321
cam_23 720 2 1 1063 323
cam_23 725 2 1 1019 312
cam_23 776 1 1 280 501
cam_23 833 1 2 245 564
cam_23 964 1 4 69 452
cam_23 810 2 1 1052 319
cam_23 907 2 1 1075 327
cam_23 1032 1 1 292 535
cam_23 1049 1 1 216 510
cam_23 1064 1 1 272 497
cam_23 1071 1 1 272 506
cam_23 1110 2 1 1067 324
cam_23 1182 2 1 1027 306
cam_23 1194 2 1 1076 325
cam_23 1210 2 4 1027 288
cam_23 1230 2 1 1068 323
cam_23 1235 2 4 1017 293
cam_23 1266 1 4 246 503
cam_23 1263 2 4 1020 289
cam_23 1305 2 4 1020 295
cam_23 1416 2 4 1022 297
cam_23 1459 2 1 1069 325
cam_23 1478 2 4 1013 291
cam_23 1490 2 1 1052 320
cam_23 1528 1 1 351 462
cam_23 1569 2 4 1014 290
cam_23 1579 2 1 1047 321
cam_23 1616 2 4 1037 284
cam_23 1644 2 4 1014 292
cam_23 1609 2 1 1013 331
cam_23 1647 2 1 1050 322
cam_23 1667 1 1 239 498
cam_23 1662 2 1 1016 313
cam_23 1686 2 1 1041 316
cam_23 1692 1 1 218 496
cam_23 1746 2 1 1037 316
cam_23 1770 2 1 1041 314
cam_23 1766 2 1 1011 311
cam_23 1778 2 1 1026 315
cam_23 1819 1 1 412 576
cam_23 1825 2 1 1040 318
cam_23 1883 1 2 188 568
cam_23 1854 2 1 1065 324
cam_23 1926 1 4 127 577
cam_23 1925 2 1 1038 320
cam_23 1938 2 1 1051 318
cam_23 1929 1 1 274 481
cam_23 1980 2 2 1019 313
cam_23 1989 2 1 1074 326
cam_23 1987 2 1 1037 317
cam_23 2008 1 1 288 463
cam_23 2002 2 1 1036 317
cam_23 2003 2 1 1067 323
cam_23 2015 2 2 1023 314
cam_23 2025 2 1 1053 319
cam_23 2051 2 4 1018 293
cam_23 2043 1 1 260 486
cam_23 2033 1 1 287 500
cam_23 2061 1 4 62 553
cam_23 2063 2 1 1061 324
cam_23 2082 1 2 275 584
cam_23 2075 2 1 1036 316
cam_23 2108 1 2 194 580
cam_23 2146 1 4 72 559
cam_23 2130 2 1 1046 323
cam_23 2147 2 1 1054 318
cam_23 2161 1 1 283 536
cam_23 2159 1 1 245 493
cam_23 2205 1 2 192 562
cam_23 2197 2 1 1020 311
cam_23 2257 2 4 1006 286
cam_23 2287 2 4 1008 287
cam_23 2300 2 1 1019 312
cam_23 2305 2 1 1013 309
cam_23 2389 1 1 193 500
cam_23 2385 2 1 1002 308
cam_23 2423 2 1 1033 315
cam_23 2516 1 1 223 494
cam_23 2506 1 1 235 508
cam_23 2496 2 1 1039 317
cam_23 2541 1 1 293 511
cam_23 2531 1 1 297 522
cam_23 2597 2 4 1023 290
cam_23 2612 2 1 1043 316
cam_23 2615 2 1 1018 312
cam_23 2628 1 2 179 576
cam_23 2634 2 1 1032 314
cam_23 2687 1 2 153 571
cam_23 2661 2 1 1068 320
cam_23 2679 2 4 1022 299
cam_23 2691 2 1 1038 335
cam_23 2778 1 2 88 510
cam_23 2704 2 1 1049 314
cam_23 2727 2 1 1062 321
cam_23 2715 1 1 374 462
cam_23 2754 2 4 1015 294
cam_23 2871 1 1 357 531
cam_23 2946 2 1 1040 316
cam_23 3017 2 1 1034 314
cam_23 3019 2 1 1063 322
cam_23 3044 2 3 1015 291
cam_23 3069 1 1 285 501
cam_23 3165 1 1 210 511
cam_23 3180 1 2 424 480
cam_23 3226 1 1 251 466
cam_23 3199 2 1 1071 322
cam_23 3222 2 4 1011 290
cam_23 3267 2 4 1027 290
cam_23 3295 1 4 106 518
cam_23 3393 2 1 998 306
cam_23 3428 2 2 1016 307
cam_23 3458 1 1 211 476
cam_23 3470 2 1 1054 316
cam_23 3495 2 1 1059 321
cam_23 3501 2 2 997 303
cam_23 3651 2 1 1046 320
cam_23 3654 2 1 1011 312
cam_23 3671 2 1 1044 318
cam_23 3696 2 4 1023 279
cam_23 3681 1 4 68 524
cam_23 3704 1 1 238 492
cam_23 3717 2 1 1059 321
cam_23 3738 2 1 1011 311
cam_23 3767 2 4 1012 288
cam_23 3798 2 4 1019 289
cam_23 3846 2 4 1017 291
cam_23 3857 1 4 190 562
cam_23 3875 1 4 152 561
cam_23 3869 2 1 1016 311
cam_23 3941 2 4 1004 288
cam_23 3945 2 1 1059 322
cam_23 3951 2 1 1039 313
cam_23 3975 2 1 1024 314
cam_23 4107 1 4 148 543
cam_23 4092 2 1 1045 320
cam_23 4182 2 4 1016 307
cam_23 4222 2 2 1006 304
cam_23 4228 2 1 1023 322
cam_23 4251 2 3 1021 282
cam_23 4248 2 1 1077 327
cam_23 4266 2 1 1029 316
cam_23 4296 2 1 1049 324
cam_23 4326 1 1 220 491
cam_23 4350 2 3 1018 317
cam_23 4376 2 4 1026 290
cam_23 4436 1 1 198 494
cam_23 4446 1 1 351 519
cam_23 4495 1 4 92 496
cam_23 4475 1 1 281 505
cam_23 4464 1 1 253 517
cam_23 4518 1 2 224 557
cam_23 4536 1 2 201 562
cam_23 4566 1 4 59 534
cam_23 4569 2 1 1037 316
cam_23 4611 2 1 1029 314
cam_23 4755 2 2 1006 307
cam_23 4787 2 4 1005 287
cam_23 4812 2 1 1020 311
cam_23 4829 2 1 1018 312
cam_23 4913 2 1 1036 317
cam_23 4959 1 4 224 432
cam_23 4950 2 1 1022 314
cam_23 4976 2 1 1049 318
cam_23 4978 2 1 999 306
cam_23 4998 2 4 1019 289
cam_23 4998 1 1 235 495
cam_23 5026 2 1 1044 313
cam_23 5038 2 4 1019 290
cam_23 5109 2 4 1011 274
cam_23 5223 2 1 1075 324
cam_23 5226 2 4 1023 268
cam_23 5219 1 1 233 516
cam_23 5238 2 1 1009 314
cam_23 5250 2 1 1029 317
cam_23 5270 2 1 1035 316
cam_23 5285 2 3 1011 291
cam_23 5292 2 1 1050 320
cam_23 5313 2 1 1070 325
cam_23 5278 1 4 60 524
cam_23 5315 2 1 1025 312
cam_23 5388 2 1 1072 324
cam_23 5380 1 1 283 505
cam_23 5400 1 1 238 497
cam_23 5464 1 4 85 504
cam_23 5429 2 1 1019 310
cam_23 5440 2 1 1034 316
cam_23 5621 2 4 1016 288
cam_23 5649 2 1 1045 317
cam_23 5629 2 1 1039 317
cam_23 5666 2 4 1016 289
cam_23 5674 2 1 1045 318
cam_23 5701 1 1 240 521
cam_23 5716 2 4 1022 290
cam_23 5726 2 1 1034 315
cam_23 5740 2 4 1033 298
cam_23 5751 2 1 1026 317
cam_23 5794 1 4 49 536
cam_23 5766 2 1 1026 313
cam_23 5779 2 1 1028 313
cam_23 5813 2 1 1033 315
cam_23 5877 2 1 1058 323
cam_23 5923 1 4 252 507
cam_23 5900 1 4 172 559
cam_23 5949 2 1 1057 322
cam_23 5943 2 1 1029 315
cam_23 5955 2 1 993 305
cam_23 5994 2 4 1042 292
cam_23 5964 2 1 1043 319
cam_23 6045 2 4 1015 292
cam_23 6001 2 1 1075 326
cam_23 6023 2 3 1030 292
cam_23 6081 1 4 61 504
cam_23 6120 2 1 1015 311
cam_23 6153 2 4 1004 291
cam_23 6157 2 4 965 334
cam_23 6204 2 4 1007 288
cam_23 6187 2 4 1050 327
cam_23 6219 2 1 1030 313
cam_23 6221 2 1 1063 321
cam_23 6252 2 1 1044 320
cam_23 6257 2 1 1022 314
cam_23 6272 2 4 1019 311
cam_23 6271 2 1 1053 321
cam_23 6365 2 2 1015 305
cam_23 6385 1 1 292 499
cam_23 6405 1 1 258 509
cam_23 6438 2 1 1037 313
cam_23 6444 2 1 1013 309
cam_23 6462 2 1 1069 326
cam_23 6483 1 1 261 509
cam_23 6510 2 2 1020 306
cam_23 6502 2 1 1057 323
cam_23 6630 2 4 1016 294
cam_23 6669 2 1 1013 311
cam_23 6683 2 1 1020 311
cam_23 6708 2 1 1011 306
cam_23 6745 2 2 1020 303
cam_23 6780 2 4 1021 293
cam_23 6810 2 1 1029 315
cam_23 6837 2 1 1040 314
cam_23 6869 2 1 1008 309
cam_23 6927 2 4 1023 293
cam_23 6981 1 4 128 561
cam_23 6991 1 1 460 490
cam_23 6985 1 1 301 484
cam_23 7062 2 4 1034 271
cam_23 7093 2 4 1027 280
cam_23 7104 2 1 1020 310
cam_23 7162 1 1 239 507
cam_23 7209 1 4 113 515
cam_23 7296 1 4 84 458
cam_23 7212 2 4 1025 300
cam_23 7218 1 1 553 583
cam_23 7302 2 1 1013 308
cam_23 7362 2 4 1012 311
cam_23 7483 2 1 1022 312
cam_23 7487 2 1 1007 303
cam_23 7471 2 1 934 321
cam_23 7487 2 1 1065 321
cam_23 7519 2 1 1030 313
cam_23 7559 2 1 1061 321
cam_23 7602 2 4 1019 295
cam_23 7628 2 4 1018 290
cam_23 7670 2 4 1026 300
cam_23 7688 2 3 1030 309
cam_23 7725 2 2 1014 302
cam_23 7742 2 1 1037 317
cam_23 7769 2 1 1020 312
cam_23 7803 2 4 1036 313
cam_23 7815 2 1 1039 317
cam_23 7818 2 1 998 304
cam_23 7865 2 1 1037 317
cam_23 7878 2 4 1007 291
cam_23 7875 2 1 1068 325
cam_23 7917 2 4 1026 278
cam_23 7929 2 1 1072 323
cam_23 7970 2 1 1078 320
cam_23 7990 2 1 1068 320
cam_23 8019 2 4 1015 288
cam_23 8048 2 1 1044 316
cam_23 8115 2 4 1034 272
cam_23 8111 2 1 1072 327
cam_23 8127 1 1 268 492
cam_23 8152 1 1 385 458
cam_23 8148 2 1 1042 319
cam_23 8236 1 4 41 544
cam_23 8187 2 1 1032 314
cam_23 8322 2 2 1028 288
cam_23 8313 1 2 165 550
cam_23 8333 2 1 1003 306
cam_23 8370 2 1 1014 311
cam_23 8361 2 1 1032 314
cam_23 8384 2 4 991 284
cam_23 8391 2 1 1024 311
cam_23 8405 2 1 1024 310
cam_23 8410 1 1 324 496
cam_23 8430 2 1 1043 316
cam_23 8450 2 1 1001 307
cam_23 8559 2 4 1024 291
cam_23 8596 1 1 269 501
cam_23 8637 1 1 342 481
cam_23 8675 2 1 1049 320
cam_23 8739 2 4 1022 299
cam_23 8862 1 2 93 550
cam_23 8816 2 2 1025 309
cam_23 8889 1 4 77 469
cam_23 8934 1 4 129 511
cam_23 8900 2 1 1078 325
cam_23 8911 2 1 1048 316
cam_23 8972 1 4 90 531
cam_23 8940 1 1 248 518
cam_23 8955 1 1 249 514
cam_23 8948 2 1 1018 311
cam_23 9039 2 4 1032 318
cam_23 9063 2 4 1017 291
cam_23 9075 2 1 1058 322
cam_23 9120 1 4 173 567
cam_23 9134 1 2 193 575
cam_23 9160 1 4 59 527
cam_23 9179 1 2 218 583
cam_23 9136 2 3 1026 307
cam_23 9140 2 1 1064 321
cam_23 9202 1 2 225 575
cam_23 9228 1 4 61 532
cam_23 9180 1 1 286 455
cam_23 9244 1 2 151 569
cam_23 9257 1 2 150 571
cam_23 9280 1 1 427 476
cam_23 9265 1 1 376 487
cam_23 9322 2 4 1031 294
cam_23 9308 1 1 256 527
cam_23 9401 2 1 1018 308
cam_23 9428 2 4 1023 304
cam_23 9459 2 4 1032 290
cam_23 9468 2 1 1014 312
cam_23 9485 1 1 234 496
cam_23 9542 2 3 1020 297
cam_23 9552 2 1 1043 318
cam_23 9572 2 3 1016 293
cam_23 9604 2 1 1055 319
cam_23 9596 2 3 1007 298
cam_23 9621 2 4 1026 298
cam_23 9664 1 4 153 574
cam_23 9630 1 1 261 500
cam_23 9703 1 4 118 519
cam_23 9678 1 1 381 537
cam_23 9728 2 1 1018 312
cam_23 9888 1 2 138 566
cam_23 9910 1 4 137 535
cam_23 9920 2 2 1022 305
cam_23 9896 1 1 226 506
cam_23 9955 1 1 277 505
cam_23 10035 2 1 1016 310
cam_23 10069 2 2 1005 300
cam_23 10074 2 1 1073 325
cam_23 10137 2 1 1048 320
cam_23 10134 2 1 975 324
cam_23 10159 2 4 1017 293
cam_23 10184 2 4 1012 283
cam_23 10187 2 1 1059 322
cam_23 10202 2 1 1031 311
cam_23 10209 2 1 1058 322
cam_23 10403 1 2 231 560
cam_23 10386 2 1 1068 325
cam_23 10391 2 1 1039 318
cam_23 10449 2 2 1027 320
cam_23 10469 2 4 1026 283
cam_23 10480 1 1 325 540
cam_23 10496 1 1 182 473
cam_23 10536 1 2 201 579
cam_23 10514 2 1 1052 317
cam_23 10584 1 2 178 578
cam_23 10548 2 1 1018 311
cam_23 10641 2 1 1022 311
cam_23 10684 1 2 209 577
cam_23 10694 1 1 244 487
cam_23 10796 2 1 1004 309
cam_23 10910 2 2 1028 307
cam_23 10937 2 2 1025 313
cam_23 10947 2 1 1027 317
cam_23 10973 2 1 1067 324
cam_23 10962 2 1 1025 315
cam_23 10983 2 1 1004 310
cam_23 11009 2 1 1011 312
cam_23 11129 2 1 999 306
cam_23 11228 1 4 64 479
cam_23 11310 1 4 79 501
cam_23 11346 1 2 91 551
cam_23 11365 1 4 157 435
cam_23 11372 2 1 1038 316
cam_23 11409 2 1 1025 314
cam_23 11411 1 1 296 516
cam_23 11428 2 1 1033 319
cam_23 11507 2 4 1014 283
cam_23 11525 2 1 1006 311
cam_23 11521 2 1 1042 321
cam_23 11550 1 3 117 528
cam_23 11541 2 1 1039 319
cam_23 11555 2 1 1042 317
cam_23 11742 2 4 1016 296
cam_23 11847 1 2 225 553
cam_23 11947 2 1 1056 318
cam_23 11996 2 4 1019 298
cam_23 12068 2 1 982 307
cam_23 12093 2 1 991 311
cam_23 12101 2 1 1076 336
cam_23 12167 1 1 217 490
cam_23 12199 1 1 258 509
cam_23 12214 1 4 51 537
cam_23 12258 1 1 270 483
cam_23 12263 1 1 348 523
cam_23 12375 2 1 1002 309
cam_23 12409 1 1 473 512
cam_23 12490 2 1 1000 306
cam_23 12552 2 3 1013 283
cam_23 12630 2 1 977 326
cam_23 12703 2 1 999 303
cam_23 12758 2 4 1036 273
cam_23 12779 2 1 1018 309
cam_23 12773 2 1 981 304
cam_23 12822 1 1 225 499
cam_23 12991 1 1 332 518
cam_23 13054 1 4 70 508
cam_23 13049 2 1 1028 313
cam_23 13120 2 4 1040 283
cam_23 13219 2 4 1014 284
cam_23 13210 1 1 221 488
cam_23 13272 2 4 1028 292
cam_23 13314 1 4 62 517
cam_23 13385 1 1 296 537
cam_23 13401 2 4 1025 287
cam_23 13418 2 1 1029 285
cam_23 13412 1 4 92 533
cam_23 13422 2 1 976 306
cam_23 13500 2 3 1007 298
