cam_22 78 2 1 718 219
cam_22 98 2 1 709 219
cam_22 135 2 1 713 220
cam_22 135 1 1 28 478
cam_22 143 1 1 132 507
cam_22 179 1 1 128 477
cam_22 177 2 1 697 216
cam_22 256 1 1 149 487
cam_22 344 1 1 118 475
cam_22 348 1 1 184 542
cam_22 374 1 1 129 491
cam_22 385 1 1 89 499
cam_22 387 2 1 715 221
cam_22 405 2 1 720 235
cam_22 431 2 1 729 220
cam_22 518 2 1 729 219
cam_22 634 1 1 49 482
cam_22 708 1 2 117 572
cam_22 708 2 4 661 206
cam_22 723 1 1 95 457
cam_22 714 2 1 716 223
cam_22 729 2 4 673 199
cam_22 720 5 1 112 495
cam_22 755 1 1 104 508
cam_22 782 2 1 721 220
cam_22 846 2 1 712 220
cam_22 866 2 2 680 212
cam_22 886 2 1 714 223
cam_22 872 2 1 712 222
cam_22 914 2 1 711 216
cam_22 912 2 4 633 202
cam_22 918 2 1 687 215
cam_22 930 2 1 708 216
cam_22 936 1 1 100 478
cam_22 982 2 1 676 261
cam_22 1038 2 1 673 232
cam_22 1056 2 1 706 220
cam_22 1065 2 1 684 213
cam_22 1088 2 1 667 213
cam_22 1106 2 1 677 218
cam_22 1143 4 4 664 185
cam_22 1147 2 1 709 228
cam_22 1250 1 1 109 483
cam_22 1262 1 1 93 490
cam_22 1266 2 1 664 226
cam_22 1280 5 1 93 489
cam_22 1316 1 1 132 490
cam_22 1344 1 1 97 506
cam_22 1350 1 1 94 498
cam_22 1361 1 1 169 497
cam_22 1366 1 1 171 521
cam_22 1383 2 1 713 214
cam_22 1455 2 1 724 222
cam_22 1519 1 1 37 487
cam_22 1522 1 1 187 434
cam_22 1519 5 1 175 459
cam_22 1541 2 1 721 223
cam_22 1596 1 1 107 466
cam_22 1612 1 1 40 494
cam_22 1633 1 1 116 508
cam_22 1699 1 1 50 460
cam_22 1692 2 1 682 220
cam_22 1698 2 1 658 217
cam_22 1783 2 1 729 226
cam_22 1888 2 1 721 217
cam_22 1895 2 1 705 216
cam_22 1931 1 1 64 475
cam_22 2059 1 2 63 493
cam_22 2073 1 1 107 476
cam_22 2175 1 1 126 474
cam_22 2185 2 1 700 236
cam_22 2229 1 1 107 489
cam_22 2252 1 1 160 503
cam_22 2278 2 1 736 220
cam_22 2279 2 1 679 224
cam_22 2281 5 1 77 493
cam_22 2366 2 4 691 183
cam_22 2427 2 1 724 242
cam_22 2452 2 2 643 241
cam_22 2469 2 1 727 225
cam_22 2529 5 2 110 480
cam_22 2553 5 1 100 454
cam_22 2574 1 1 107 508
cam_22 2637 1 1 90 496
cam_22 2728 1 1 138 485
cam_22 2763 2 1 729 223
cam_22 2845 2 1 710 219
cam_22 2854 2 1 690 216
cam_22 2862 2 1 693 228
cam_22 2871 2 1 711 215
cam_22 2883 2 1 699 222
cam_22 2919 2 2 654 209
cam_22 2925 2 1 738 222
cam_22 2940 2 1 740 226
cam_22 2970 2 2 670 256
cam_22 3005 1 1 113 508
cam_22 3034 1 1 145 479
cam_22 3081 5 1 81 494
cam_22 3169 1 1 88 501
cam_22 3166 2 1 716 242
cam_22 3192 2 1 698 218
cam_22 3193 1 1 96 501
cam_22 3270 1 1 156 507
cam_22 3279 2 1 701 270
cam_22 3289 1 1 168 467
cam_22 3286 5 1 27 479
cam_22 3345 1 3 166 502
cam_22 3462 2 1 734 226
cam_22 3623 2 1 714 225
cam_22 3693 2 1 729 223
cam_22 3681 2 1 672 225
cam_22 3902 1 1 155 494
cam_22 3958 2 1 693 218
cam_22 4110 2 1 739 223
cam_22 4155 1 1 157 502
cam_22 4227 1 1 99 497
cam_22 4221 5 1 94 476
cam_22 4232 2 1 714 226
cam_22 4266 2 1 698 226
cam_22 4272 2 1 656 266
cam_22 4293 2 1 677 237
cam_22 4326 2 1 722 258
cam_22 4352 2 4 661 200
cam_22 4387 5 1 106 423
cam_22 4453 1 1 111 498
cam_22 4475 1 1 55 482
cam_22 4485 2 1 695 254
cam_22 4537 1 1 184 455
cam_22 4560 1 1 173 497
cam_22 4554 1 1 141 470
cam_22 4593 1 1 98 518
cam_22 4627 2 1 738 231
cam_22 4644 1 1 158 524
cam_22 4641 1 1 145 499
cam_22 4853 1 1 83 481
cam_22 4891 1 1 130 489
cam_22 5028 1 1 177 455
cam_22 5066 1 1 135 497
cam_22 5070 1 1 173 466
cam_22 5103 2 1 720 224
cam_22 5173 2 1 722 240
cam_22 5227 2 1 675 218
cam_22 5229 2 1 624 223
cam_22 5237 2 1 657 220
cam_22 5261 2 1 738 227
cam_22 5335 2 1 733 221
cam_22 5335 2 1 675 215
cam_22 5344 2 1 686 249
cam_22 5363 2 1 732 217
cam_22 5363 2 1 688 220
cam_22 5373 2 1 694 236
cam_22 5386 2 1 678 227
cam_22 5421 2 1 718 219
cam_22 5421 2 1 677 221
cam_22 5439 2 1 701 222
cam_22 5562 5 1 154 478
cam_22 5637 2 4 676 226
cam_22 5676 2 1 756 225
cam_22 5705 1 1 145 472
cam_22 5716 2 1 681 234
cam_22 5778 2 1 668 216
cam_22 5860 1 1 154 447
cam_22 5912 2 1 693 221
cam_22 6062 2 1 721 218
cam_22 6061 2 1 668 212
cam_22 6228 2 2 667 209
cam_22 6232 5 1 43 478
cam_22 6439 1 2 109 582
cam_22 6501 1 1 120 503
cam_22 6570 1 1 78 486
cam_22 6656 2 1 683 217
cam_22 6666 1 1 52 471
cam_22 6675 2 1 652 223
cam_22 6675 1 1 64 509
cam_22 6687 2 1 684 227
cam_22 6690 2 1 695 229
cam_22 6708 1 1 126 461
cam_22 6849 2 2 669 213
cam_22 6860 2 1 741 223
cam_22 6869 1 1 104 483
cam_22 6901 1 1 46 480
cam_22 6947 1 1 118 498
cam_22 7022 2 1 729 222
cam_22 7023 2 1 701 216
cam_22 7041 2 1 695 222
cam_22 7187 2 1 669 216
cam_22 7274 1 1 149 479
cam_22 7369 1 1 265 541
cam_22 7428 2 1 703 217
cam_22 7587 2 1 712 225
cam_22 7606 2 1 731 230
cam_22 7630 1 1 111 476
cam_22 7636 1 1 136 470
cam_22 7656 5 1 79 505
cam_22 7677 1 1 162 460
cam_22 7732 2 1 672 261
cam_22 7737 2 1 654 217
cam_22 7891 1 1 135 520
cam_22 7908 1 1 187 538
cam_22 7909 5 1 72 471
cam_22 7947 1 1 133 496
cam_22 7939 1 1 128 509
cam_22 8009 2 1 715 218
cam_22 8040 1 1 159 485
cam_22 8049 2 1 715 230
cam_22 8085 2 1 667 217
cam_22 8098 2 1 711 217
cam_22 8133 1 1 39 486
cam_22 8115 2 1 708 219
cam_22 8153 2 1 730 227
cam_22 8165 2 1 709 223
cam_22 8193 2 1 726 220
cam_22 8198 2 1 684 217
cam_22 8202 2 1 661 213
cam_22 8311 2 1 751 228
cam_22 8363 1 1 150 485
cam_22 8493 2 1 712 228
cam_22 8499 2 1 738 230
cam_22 8560 1 1 193 459
cam_22 8565 5 1 153 483
cam_22 8655 1 1 72 497
cam_22 8677 1 1 125 492
cam_22 8743 2 1 727 251
cam_22 8811 1 1 164 496
cam_22 8805 1 1 90 485
cam_22 8836 1 2 117 563
cam_22 8827 2 1 713 250
cam_22 8848 2 1 717 239
cam_22 8897 1 1 158 513
cam_22 8932 1 2 132 474
cam_22 8956 1 1 111 469
cam_22 8946 1 1 82 486
cam_22 9013 2 1 715 227
cam_22 9041 2 1 739 222
cam_22 9076 2 1 751 225
cam_22 9084 2 1 745 223
cam_22 9275 1 1 174 525
cam_22 9289 1 2 253 451
cam_22 9391 1 1 66 501
cam_22 9402 2 4 689 212
cam_22 9465 2 1 646 229
cam_22 9615 2 1 708 219
cam_22 9693 3 1 255 249
cam_22 9818 1 1 60 475
cam_22 9885 1 1 196 432
cam_22 9917 2 1 718 220
cam_22 9945 2 1 711 219
cam_22 9965 1 1 90 466
cam_22 9990 2 1 744 223
cam_22 10270 5 1 120 514
cam_22 10337 1 1 114 471
cam_22 10411 3 2 140 286
cam_22 10494 2 1 681 247
cam_22 10522 2 1 712 218
cam_22 10523 2 1 671 219
cam_22 10543 1 1 117 482
cam_22 10654 2 1 723 236
cam_22 10916 1 1 83 483
cam_22 10936 2 1 716 238
cam_22 11078 5 1 112 511
cam_22 11124 1 1 70 493
cam_22 11206 2 1 708 233
cam_22 11312 1 1 119 494
cam_22 11325 2 1 703 246
cam_22 11338 2 1 700 245
cam_22 11352 2 1 664 239
cam_22 11358 2 1 665 246
cam_22 11394 1 1 151 472
cam_22 11425 2 4 688 199
cam_22 11439 2 1 663 245
cam_22 11496 1 2 235 464
cam_22 11772 1 2 91 577
cam_22 11772 2 1 730 247
cam_22 12015 2 1 711 218
cam_22 12146 1 1 126 494
cam_22 12168 1 1 204 519
cam_22 12211 2 1 705 220
cam_22 12228 2 1 742 227
cam_22 12429 1 2 120 582
cam_22 12434 2 4 696 211
cam_22 12558 2 1 670 237
cam_22 12696 1 2 144 584
cam_22 12769 2 1 641 253
cam_22 12793 2 1 673 266
cam_22 12824 2 1 700 219
cam_22 12839 2 1 676 222
cam_22 12937 1 1 149 480
cam_22 12959 2 1 648 216
cam_22 12961 2 1 685 272
cam_22 13030 2 1 672 246
cam_22 13120 1 1 91 467
cam_22 13129 1 1 219 441
cam_22 13132 5 1 113 515
cam_22 13179 1 2 158 570
cam_22 13170 5 1 74 493
cam_22 13195 1 1 114 487
cam_22 13324 2 1 718 222
cam_22 13326 1 1 112 503
cam_22 13339 2 4 662 255
cam_22 13339 1 1 76 511
cam_22 13358 2 4 668 209
cam_22 13346 1 1 82 489
cam_22 13362 2 1 722 220
cam_22 13396 1 2 162 538
cam_22 13424 1 1 139 514
cam_22 13416 2 1 717 223
