cam_01 41 2 2 783 218
cam_01 43 1 4 128 563
cam_01 64 1 1 13 394
cam_01 64 1 1 81 421
cam_01 73 2 1 904 235
cam_01 82 1 1 21 423
cam_01 105 1 2 15 457
cam_01 160 2 3 783 190
cam_01 139 2 1 904 226
cam_01 236 2 4 710 180
cam_01 213 2 1 906 228
cam_01 232 2 1 913 261
cam_01 241 1 2 60 594
cam_01 279 2 4 681 200
cam_01 291 2 1 897 223
cam_01 297 2 2 713 214
cam_01 306 1 2 282 371
cam_01 306 1 1 65 371
cam_01 310 2 1 906 225
cam_01 316 1 1 439 343
cam_01 300 1 1 5 412
cam_01 316 1 1 74 354
cam_01 332 2 2 774 215
cam_01 326 2 1 898 228
cam_01 334 1 2 112 565
cam_01 349 2 1 913 254
cam_01 430 1 1 85 390
cam_01 369 2 1 871 226
cam_01 369 2 1 897 242
cam_01 423 2 2 760 205
cam_01 391 2 1 927 264
cam_01 405 2 2 672 214
cam_01 397 1 1 14 424
cam_01 426 2 1 896 229
cam_01 411 2 1 903 225
cam_01 466 1 2 141 511
cam_01 481 2 4 697 202
cam_01 498 1 4 419 428
cam_01 526 1 2 255 380
cam_01 486 2 1 905 229
cam_01 531 2 4 779 193
cam_01 505 1 2 88 550
cam_01 527 2 1 901 228
cam_01 527 1 4 105 582
cam_01 540 2 1 912 240
cam_01 556 2 1 902 233
cam_01 606 1 4 197 571
cam_01 595 2 3 681 203
cam_01 584 2 4 773 224
cam_01 618 2 2 765 227
cam_01 625 2 2 674 212
cam_01 621 1 4 213 362
cam_01 624 1 4 384 342
cam_01 624 2 2 778 231
cam_01 633 1 1 281 367
cam_01 720 1 4 191 578
cam_01 650 2 2 787 227
cam_01 651 1 2 151 477
cam_01 673 1 1 13 426
cam_01 690 1 1 15 388
cam_01 721 1 1 47 421
cam_01 721 2 1 906 229
cam_01 718 2 1 877 224
cam_01 751 2 2 692 217
cam_01 741 1 4 146 586
cam_01 780 2 4 682 182
cam_01 765 1 1 11 393
cam_01 762 1 1 6 498
cam_01 830 2 4 685 180
cam_01 805 1 1 9 489
cam_01 819 1 1 17 433
cam_01 826 1 1 143 356
cam_01 883 2 4 680 210
cam_01 841 1 1 19 469
cam_01 923 2 4 680 191
cam_01 881 1 4 84 581
cam_01 853 1 1 18 469
cam_01 889 1 1 10 466
cam_01 888 2 2 774 224
cam_01 888 2 1 904 232
cam_01 910 1 1 29 378
cam_01 928 1 4 233 409
cam_01 993 2 4 687 196
cam_01 979 1 4 215 582
cam_01 930 2 4 704 190
cam_01 920 1 2 46 587
cam_01 991 1 1 11 426
cam_01 939 1 2 350 411
cam_01 972 2 1 901 227
cam_01 1059 2 4 733 182
cam_01 1091 1 4 214 577
cam_01 993 1 1 228 417
cam_01 1008 2 1 894 226
cam_01 1020 2 1 887 227
cam_01 1089 2 4 691 191
cam_01 1055 2 1 889 225
cam_01 1088 2 4 801 205
cam_01 1077 2 1 925 250
cam_01 1108 1 2 147 478
cam_01 1174 2 4 793 193
cam_01 1189 2 4 696 177
cam_01 1217 2 4 770 208
cam_01 1164 2 1 896 225
cam_01 1212 1 1 12 431
cam_01 1270 1 4 162 580
cam_01 1228 2 2 779 247
cam_01 1242 2 2 681 230
cam_01 1244 2 2 798 205
cam_01 1313 2 4 790 184
cam_01 1313 2 4 679 182
cam_01 1275 1 1 1 412
cam_01 1456 1 4 57 522
cam_01 1314 1 2 203 417
cam_01 1408 2 2 761 204
cam_01 1493 2 2 671 197
cam_01 1454 2 2 765 215
cam_01 1412 2 1 893 225
cam_01 1422 2 1 907 228
cam_01 1446 1 2 379 551
cam_01 1491 2 2 768 219
cam_01 1554 2 4 676 203
cam_01 1552 1 4 41 579
cam_01 1528 2 2 759 223
cam_01 1571 2 2 778 203
cam_01 1619 2 2 797 194
cam_01 1579 1 2 114 568
cam_01 1727 2 2 692 181
cam_01 1639 1 1 30 418
cam_01 1624 2 1 924 260
cam_01 1756 2 2 791 209
cam_01 1705 1 1 12 388
cam_01 1770 2 4 670 195
cam_01 1734 2 1 912 228
cam_01 1736 2 1 916 228
cam_01 1747 1 1 58 401
cam_01 1758 2 1 901 227
cam_01 1781 2 4 775 209
cam_01 1833 2 4 679 192
cam_01 1779 2 4 715 265
cam_01 1857 2 2 794 185
cam_01 1863 1 4 70 542
cam_01 1833 2 1 901 228
cam_01 1866 2 2 692 222
cam_01 1869 2 3 777 220
cam_01 1834 1 1 8 469
cam_01 1848 1 1 101 351
cam_01 1884 2 2 771 220
cam_01 1884 2 4 670 205
cam_01 1945 2 4 771 191
cam_01 1902 1 1 22 397
cam_01 1909 1 4 58 587
cam_01 2030 1 4 252 532
cam_01 2012 2 2 694 177
cam_01 1974 1 1 14 397
cam_01 1978 2 1 908 225
cam_01 2013 2 4 789 217
cam_01 2103 1 4 214 568
cam_01 2082 1 2 221 582
cam_01 2031 2 4 686 241
cam_01 2041 1 2 57 575
cam_01 2112 2 4 780 200
cam_01 2104 2 4 685 189
cam_01 2113 1 4 219 507
cam_01 2182 1 4 269 476
cam_01 2181 2 4 690 189
cam_01 2142 1 2 115 563
cam_01 2157 1 2 91 576
cam_01 2188 2 2 783 217
cam_01 2306 2 4 714 181
cam_01 2194 2 4 692 247
cam_01 2271 1 4 45 587
cam_01 2262 1 1 46 360
cam_01 2316 1 1 94 354
cam_01 2284 1 4 309 580
cam_01 2264 2 1 904 227
cam_01 2324 2 2 680 215
cam_01 2277 2 1 902 229
cam_01 2298 2 1 906 227
cam_01 2316 2 1 913 241
cam_01 2291 1 4 193 580
cam_01 2457 1 4 228 579
cam_01 2407 2 2 770 234
cam_01 2443 2 4 683 188
cam_01 2517 2 2 767 206
cam_01 2468 2 2 700 216
cam_01 2463 1 2 83 541
cam_01 2533 2 2 769 228
cam_01 2557 1 4 234 349
cam_01 2609 2 2 733 179
cam_01 2574 1 4 59 549
cam_01 2523 2 1 901 226
cam_01 2674 1 4 203 585
cam_01 2633 2 4 679 200
cam_01 2641 2 4 790 190
cam_01 2589 1 1 35 386
cam_01 2598 1 4 313 564
cam_01 2731 1 4 94 539
cam_01 2669 2 2 753 219
cam_01 2716 2 4 782 203
cam_01 2691 1 2 61 576
cam_01 2688 2 2 693 216
cam_01 2747 2 2 704 217
cam_01 2790 1 2 86 562
cam_01 2740 1 4 453 442
cam_01 2778 2 1 898 228
cam_01 2870 2 4 755 203
cam_01 2869 2 1 932 262
cam_01 2885 2 1 897 229
cam_01 2883 1 1 9 418
cam_01 2943 1 4 207 376
cam_01 2900 2 1 901 240
cam_01 2906 2 1 901 227
cam_01 2919 1 1 9 423
cam_01 2952 1 2 373 401
cam_01 2952 1 2 77 526
cam_01 2997 2 1 909 226
cam_01 3030 2 4 670 184
cam_01 3119 2 4 691 186
cam_01 3161 2 4 789 182
cam_01 3205 1 4 119 560
cam_01 3189 2 2 705 212
cam_01 3202 2 2 745 221
cam_01 3264 1 4 35 558
cam_01 3221 2 2 787 210
cam_01 3201 1 1 126 405
cam_01 3285 2 4 692 194
cam_01 3235 2 2 667 225
cam_01 3267 1 4 244 573
cam_01 3223 2 1 908 231
cam_01 3294 2 2 767 218
cam_01 3375 1 4 230 560
cam_01 3332 2 2 779 221
cam_01 3312 2 4 675 188
cam_01 3322 1 1 16 450
cam_01 3324 2 2 663 235
cam_01 3324 2 2 783 258
cam_01 3342 2 1 910 236
cam_01 3391 2 2 737 256
cam_01 3375 1 2 85 418
cam_01 3372 2 1 899 229
cam_01 3458 2 4 684 202
cam_01 3424 1 1 147 396
cam_01 3438 1 3 236 570
cam_01 3447 2 4 790 206
cam_01 3467 2 2 762 220
cam_01 3495 2 2 711 215
cam_01 3459 2 2 784 225
cam_01 3510 2 2 784 222
cam_01 3493 1 1 11 456
cam_01 3605 2 2 742 203
cam_01 3576 1 1 13 392
cam_01 3725 2 4 687 185
cam_01 3664 1 4 61 577
cam_01 3696 1 2 309 570
cam_01 3670 1 2 248 370
cam_01 3757 1 4 25 409
cam_01 3705 2 2 779 218
cam_01 3708 2 1 926 255
cam_01 3777 1 4 68 592
cam_01 3758 1 2 84 580
cam_01 3858 2 4 699 181
cam_01 3726 1 1 11 398
cam_01 3795 1 1 128 357
cam_01 3883 1 4 166 583
cam_01 3803 2 1 907 229
cam_01 3811 2 2 775 218
cam_01 3786 1 1 12 429
cam_01 3892 1 1 17 404
cam_01 3906 1 2 353 557
cam_01 3944 2 1 893 225
cam_01 3959 2 4 899 233
cam_01 4113 2 2 686 203
cam_01 4046 1 2 55 547
cam_01 3975 1 3 38 573
cam_01 4017 1 1 16 407
cam_01 4009 1 1 30 438
cam_01 3974 2 1 901 228
cam_01 3989 1 2 324 585
cam_01 4037 1 2 327 573
cam_01 4103 1 2 348 562
cam_01 4180 1 2 37 561
cam_01 4180 2 4 693 218
cam_01 4167 1 2 331 567
cam_01 4300 2 4 723 183
cam_01 4228 2 4 684 253
cam_01 4409 1 4 198 437
cam_01 4290 2 1 888 226
cam_01 4386 1 4 104 390
cam_01 4386 2 4 692 238
cam_01 4343 2 4 791 208
cam_01 4358 2 4 898 219
cam_01 4443 1 4 244 580
cam_01 4393 2 1 906 226
cam_01 4462 2 2 699 258
cam_01 4503 1 1 12 396
cam_01 4511 1 2 134 582
cam_01 4629 2 2 689 182
cam_01 4632 1 4 176 579
cam_01 4516 1 1 24 469
cam_01 4444 1 1 14 428
cam_01 4531 1 1 10 417
cam_01 4524 1 2 99 537
cam_01 4585 2 4 783 189
cam_01 4675 2 4 678 195
cam_01 4657 1 4 107 520
cam_01 4595 2 1 908 228
cam_01 4649 2 2 779 219
cam_01 4605 1 2 49 481
cam_01 4626 2 1 913 228
cam_01 4674 2 1 909 246
cam_01 4703 2 4 770 214
cam_01 4711 1 1 81 348
cam_01 4717 2 1 908 230
cam_01 4789 1 4 132 434
cam_01 4725 1 1 67 369
cam_01 4752 2 1 891 231
cam_01 4735 1 2 73 506
cam_01 4740 1 1 41 401
cam_01 4740 2 1 907 232
cam_01 4753 1 4 217 382
cam_01 4773 1 4 435 383
cam_01 4781 2 3 783 212
cam_01 4773 2 4 700 208
cam_01 4780 1 4 404 461
cam_01 4796 2 2 757 214
cam_01 4817 2 2 784 213
cam_01 4818 1 4 162 407
cam_01 4868 2 3 686 190
cam_01 4818 1 1 46 368
cam_01 4839 1 2 328 577
cam_01 4917 2 4 678 202
cam_01 4850 2 1 914 226
cam_01 4881 2 4 786 208
cam_01 4836 2 1 902 226
cam_01 4961 2 2 698 189
cam_01 4985 2 3 790 210
cam_01 5028 1 4 177 567
cam_01 4959 1 1 48 385
cam_01 4977 1 2 67 589
cam_01 4985 1 2 96 564
cam_01 5053 1 2 96 576
cam_01 5016 2 4 715 179
cam_01 5004 1 2 162 342
cam_01 5051 2 2 690 217
cam_01 5053 2 1 616 229
cam_01 5075 2 4 769 196
cam_01 5038 2 1 893 225
cam_01 5213 2 2 673 181
cam_01 5098 1 1 3 406
cam_01 5105 1 1 19 518
cam_01 5197 1 1 20 414
cam_01 5137 2 1 922 259
cam_01 5426 2 4 689 177
cam_01 5280 1 1 70 350
cam_01 5237 2 3 800 198
cam_01 5354 2 2 772 217
cam_01 5293 1 1 16 443
cam_01 5430 2 1 625 230
cam_01 5382 1 1 13 405
cam_01 5367 1 1 11 386
cam_01 5502 1 4 153 565
cam_01 5586 1 4 95 566
cam_01 5533 1 1 14 412
cam_01 5519 2 4 781 208
cam_01 5529 2 4 697 187
cam_01 5580 2 4 676 227
cam_01 5526 2 1 897 228
cam_01 5572 2 4 777 225
cam_01 5553 2 1 906 228
cam_01 5610 2 4 673 195
cam_01 5605 2 4 780 208
cam_01 5597 1 4 213 587
cam_01 5589 1 1 14 421
cam_01 5627 2 4 694 190
cam_01 5681 2 4 799 208
cam_01 5690 2 4 681 198
cam_01 5686 2 1 909 227
cam_01 5691 2 1 908 245
cam_01 5727 2 1 906 227
cam_01 5758 2 1 895 229
cam_01 5854 1 1 19 415
cam_01 5947 1 4 203 579
cam_01 5850 2 1 913 227
cam_01 5920 1 2 53 572
cam_01 5869 1 1 12 500
cam_01 5880 2 1 913 228
cam_01 6012 1 4 32 518
cam_01 5955 1 2 225 376
cam_01 5990 1 2 402 573
cam_01 6041 2 2 678 213
cam_01 5960 1 2 78 581
cam_01 6002 2 1 905 228
cam_01 5984 2 1 900 225
cam_01 6074 2 2 777 216
cam_01 6079 1 4 42 565
cam_01 6085 1 4 460 430
cam_01 6028 2 1 902 226
cam_01 6033 1 4 54 561
cam_01 6057 1 2 55 557
cam_01 6075 2 1 904 226
cam_01 6071 2 1 898 225
cam_01 6178 2 2 740 218
cam_01 6218 2 2 759 218
cam_01 6123 1 1 16 423
cam_01 6222 2 2 673 214
cam_01 6306 1 4 245 538
cam_01 6306 2 4 688 219
cam_01 6247 2 1 927 244
cam_01 6255 1 4 309 575
cam_01 6319 1 1 77 356
cam_01 6356 2 2 679 189
cam_01 6367 1 4 91 540
cam_01 6309 1 1 106 344
cam_01 6313 1 1 21 382
cam_01 6319 1 4 262 508
cam_01 6348 1 3 238 559
cam_01 6362 2 1 896 227
cam_01 6358 2 1 897 229
cam_01 6355 1 1 16 380
cam_01 6457 2 4 695 199
cam_01 6399 1 1 54 378
cam_01 6372 1 1 13 401
cam_01 6426 1 1 3 446
cam_01 6447 1 2 84 583
cam_01 6457 1 1 12 402
cam_01 6580 1 1 21 435
cam_01 6559 2 2 771 207
cam_01 6582 2 1 805 216
cam_01 6564 2 1 912 228
cam_01 6652 1 1 3 412
cam_01 6608 2 4 702 187
cam_01 6574 2 1 912 235
cam_01 6662 2 4 776 187
cam_01 6676 1 1 16 474
cam_01 6697 2 2 769 218
cam_01 6748 1 1 10 398
cam_01 6724 2 1 889 224
cam_01 6779 2 2 774 209
cam_01 6761 2 1 904 228
cam_01 6810 2 2 692 225
cam_01 6774 2 1 892 231
cam_01 6810 1 1 240 423
cam_01 6863 2 2 769 219
cam_01 6869 2 4 667 183
cam_01 6950 2 3 682 186
cam_01 6951 1 4 85 584
cam_01 6864 2 1 895 231
cam_01 6936 2 2 774 218
cam_01 6990 2 2 761 223
cam_01 7045 2 2 670 212
cam_01 7044 2 2 772 219
cam_01 7002 1 1 93 363
cam_01 7127 2 2 691 211
cam_01 7158 2 2 767 218
cam_01 7131 1 2 382 344
cam_01 7137 1 1 13 405
cam_01 7136 1 4 220 576
cam_01 7170 1 4 63 585
cam_01 7307 1 4 190 552
cam_01 7200 1 1 8 402
cam_01 7209 1 1 15 406
cam_01 7386 1 4 190 566
cam_01 7275 2 1 888 224
cam_01 7359 1 2 20 547
cam_01 7349 2 2 743 213
cam_01 7384 1 1 39 372
cam_01 7317 2 1 897 227
cam_01 7431 2 2 762 218
cam_01 7410 1 1 76 412
cam_01 7492 1 1 18 475
cam_01 7554 1 4 79 583
cam_01 7533 1 1 13 450
cam_01 7549 2 4 779 204
cam_01 7494 2 1 905 227
cam_01 7506 2 1 890 228
cam_01 7526 2 1 913 227
cam_01 7610 2 1 903 226
cam_01 7606 2 1 870 224
cam_01 7600 2 1 897 264
cam_01 7755 1 4 225 569
cam_01 7647 1 1 8 429
cam_01 7738 2 3 667 193
cam_01 7731 2 4 758 195
cam_01 7764 2 2 759 218
cam_01 7869 1 4 124 569
cam_01 7803 2 1 909 225
cam_01 7854 2 1 895 228
cam_01 7875 1 2 429 350
cam_01 7867 2 1 903 227
cam_01 7930 2 4 685 193
cam_01 7996 2 4 714 205
cam_01 7907 2 1 904 225
cam_01 8017 1 2 226 579
cam_01 7916 2 4 784 209
cam_01 8047 1 1 10 362
cam_01 7998 1 4 65 589
cam_01 7986 2 4 787 216
cam_01 7982 2 1 900 226
cam_01 8299 1 4 206 578
cam_01 8070 2 2 785 221
cam_01 8043 1 1 15 469
cam_01 8044 2 1 912 243
cam_01 8091 2 4 675 246
cam_01 8032 2 4 686 225
cam_01 8066 2 1 897 224
cam_01 8148 2 4 781 205
cam_01 8140 2 4 684 237
cam_01 8127 1 1 9 425
cam_01 8145 1 1 13 462
cam_01 8175 1 1 11 486
cam_01 8151 2 1 902 227
cam_01 8274 1 1 65 386
cam_01 8264 2 4 702 191
cam_01 8258 1 2 53 578
cam_01 8235 2 2 781 223
cam_01 8310 2 4 778 194
cam_01 8277 2 1 900 227
cam_01 8248 2 4 794 228
cam_01 8379 2 4 772 192
cam_01 8352 2 2 670 215
cam_01 8425 1 4 71 483
cam_01 8322 1 2 94 550
cam_01 8307 1 4 88 558
cam_01 8397 2 2 665 214
cam_01 8421 1 4 340 521
cam_01 8436 2 2 769 223
cam_01 8406 2 2 764 223
cam_01 8333 1 2 318 577
cam_01 8434 2 2 706 214
cam_01 9351 1 4 39 421
cam_01 8487 2 2 761 215
cam_01 8667 1 4 194 573
cam_01 8451 1 1 13 407
cam_01 8476 2 2 666 230
cam_01 8598 2 4 701 191
cam_01 8441 1 4 191 584
cam_01 8469 2 1 904 227
cam_01 8570 2 2 776 219
cam_01 8614 1 4 39 567
cam_01 8610 2 2 794 209
cam_01 8574 2 1 896 226
cam_01 8693 2 4 691 204
cam_01 8707 1 4 53 576
cam_01 8800 2 4 694 218
cam_01 8675 2 4 892 223
cam_01 8784 1 4 192 575
cam_01 8748 2 1 905 231
cam_01 8750 2 1 906 232
cam_01 8827 2 4 706 267
cam_01 8824 1 4 233 388
cam_01 8757 2 1 870 224
cam_01 8780 2 1 894 227
cam_01 8851 1 4 63 428
cam_01 8910 2 4 743 189
cam_01 8866 1 4 310 524
cam_01 8889 1 4 196 579
cam_01 8988 1 4 179 569
cam_01 8878 1 2 54 515
cam_01 8874 1 4 329 478
cam_01 8935 2 2 737 221
cam_01 8925 1 1 95 437
cam_01 8976 1 2 138 410
cam_01 8943 2 1 902 227
cam_01 8976 1 1 67 353
cam_01 8960 1 2 59 584
cam_01 8958 1 1 14 422
cam_01 8953 1 1 2 382
cam_01 8971 2 4 895 222
cam_01 9016 1 1 74 437
cam_01 9042 1 4 243 505
cam_01 9119 2 4 698 181
cam_01 9063 1 1 11 432
cam_01 9077 1 2 80 587
cam_01 9088 2 2 774 231
cam_01 9105 2 4 772 213
cam_01 9127 2 1 927 237
cam_01 9144 1 1 19 453
cam_01 9130 1 1 3 389
cam_01 9256 2 4 683 188
cam_01 9240 2 2 774 219
cam_01 9219 2 1 896 227
cam_01 9340 2 4 675 190
cam_01 9286 1 1 37 392
cam_01 9332 1 2 134 555
cam_01 9357 2 4 801 179
cam_01 9229 1 1 13 456
cam_01 9357 1 4 127 585
cam_01 9376 1 4 221 587
cam_01 9431 1 4 219 585
cam_01 9408 1 2 86 559
cam_01 9488 1 2 75 585
cam_01 9459 1 2 77 564
cam_01 9522 1 4 234 573
cam_01 9497 2 2 773 215
cam_01 9620 1 4 192 582
cam_01 9597 2 4 714 202
cam_01 9526 2 2 898 219
cam_01 9581 2 1 904 226
cam_01 9651 1 1 96 387
cam_01 9623 2 3 791 197
cam_01 9685 2 4 677 192
cam_01 9751 1 2 447 349
cam_01 9752 2 4 693 193
cam_01 9791 1 4 237 578
cam_01 9732 2 2 776 216
cam_01 9762 2 2 784 206
cam_01 9794 1 2 65 567
cam_01 9793 1 1 9 407
cam_01 9798 2 4 788 195
cam_01 9814 1 1 10 452
cam_01 9821 1 2 116 588
cam_01 9853 2 2 773 220
cam_01 9876 2 2 788 194
cam_01 9946 1 4 61 547
cam_01 9935 1 4 244 582
cam_01 9869 2 1 910 236
cam_01 9888 1 4 43 584
cam_01 9876 2 2 695 207
cam_01 9918 1 1 79 371
cam_01 10048 1 4 192 479
cam_01 9950 2 1 902 227
cam_01 9954 1 4 222 552
cam_01 9976 1 2 84 589
cam_01 10087 1 1 69 382
cam_01 10092 2 2 764 221
cam_01 10074 2 3 677 187
cam_01 10065 2 4 770 208
cam_01 10096 2 4 674 203
cam_01 10101 1 4 153 576
cam_01 10135 2 3 785 202
cam_01 10203 2 4 710 232
cam_01 10123 1 1 14 433
cam_01 10148 2 1 901 225
cam_01 10237 1 1 25 398
cam_01 10347 2 4 684 175
cam_01 10304 1 1 33 521
cam_01 10243 1 2 275 367
cam_01 10348 1 1 18 414
cam_01 10315 1 2 231 577
cam_01 10345 1 2 81 578
cam_01 10296 1 1 23 402
cam_01 10359 2 2 776 199
cam_01 10356 1 1 76 367
cam_01 10333 2 1 900 225
cam_01 10347 2 1 901 223
cam_01 10447 1 4 87 582
cam_01 10380 1 1 112 359
cam_01 10395 1 4 246 576
cam_01 10410 2 2 778 217
cam_01 10496 2 4 695 185
cam_01 10374 1 1 41 474
cam_01 10437 2 1 904 229
cam_01 10453 2 1 886 225
cam_01 10427 2 1 908 227
cam_01 10519 2 2 774 224
cam_01 10554 1 4 137 509
cam_01 10548 2 2 679 214
cam_01 10487 2 3 784 207
cam_01 10476 2 1 896 228
cam_01 10565 2 3 786 192
cam_01 10591 2 4 669 201
cam_01 10575 1 1 10 410
cam_01 10679 2 2 787 211
cam_01 10578 2 1 899 232
cam_01 10634 2 3 781 208
cam_01 10630 1 4 194 461
cam_01 10717 2 2 769 219
cam_01 10677 1 1 13 404
cam_01 10735 1 4 68 571
cam_01 10768 1 1 62 409
cam_01 10673 2 1 913 229
cam_01 10690 1 1 13 409
cam_01 10745 2 2 678 213
cam_01 10773 2 4 784 204
cam_01 10734 2 1 915 231
cam_01 10882 1 4 269 588
cam_01 10759 2 1 906 228
cam_01 10758 1 1 4 421
cam_01 10795 1 1 12 407
cam_01 10911 2 2 683 183
cam_01 10772 1 2 99 584
cam_01 10950 1 4 156 585
cam_01 10881 2 4 782 213
cam_01 10994 2 2 690 185
cam_01 10866 2 1 904 225
cam_01 10935 2 4 791 194
cam_01 10923 2 1 916 228
cam_01 10893 1 4 216 578
cam_01 10921 2 1 885 227
cam_01 11138 2 2 702 192
cam_01 11002 2 2 785 218
cam_01 10950 2 1 908 226
cam_01 11040 1 1 6 415
cam_01 11074 1 1 15 481
cam_01 10990 1 1 7 424
cam_01 11081 2 2 786 220
cam_01 11116 1 1 21 442
cam_01 11175 1 1 17 395
cam_01 11204 2 4 782 208
cam_01 11262 1 2 103 585
cam_01 11205 2 1 901 225
cam_01 11343 1 1 12 390
cam_01 11246 2 1 898 228
cam_01 11464 1 4 79 544
cam_01 11358 1 1 141 355
cam_01 11386 1 1 10 469
cam_01 11377 2 1 944 255
cam_01 11364 1 1 24 469
cam_01 11510 2 4 705 183
cam_01 11433 2 1 907 226
cam_01 11508 2 1 904 232
cam_01 11560 2 4 686 195
cam_01 11531 2 1 880 224
cam_01 11511 2 1 885 224
cam_01 11549 2 1 881 228
cam_01 11613 2 4 695 216
cam_01 11550 2 1 950 257
cam_01 11655 1 4 241 546
cam_01 11694 2 4 700 188
cam_01 11566 2 4 868 269
cam_01 11704 1 2 328 567
cam_01 11613 2 4 806 199
cam_01 11595 2 4 793 199
cam_01 11685 1 1 95 405
cam_01 11698 1 1 13 391
cam_01 11622 2 4 743 190
cam_01 11715 1 1 11 449
cam_01 11647 1 1 8 430
cam_01 11733 1 1 3 436
cam_01 11685 2 1 894 225
cam_01 11751 2 2 790 219
cam_01 11698 2 1 889 224
cam_01 11706 2 1 913 228
cam_01 11745 1 1 3 421
cam_01 11781 2 2 686 211
cam_01 11805 2 2 771 208
cam_01 11992 2 4 683 180
cam_01 11876 2 1 890 227
cam_01 11893 2 1 911 226
cam_01 11937 2 1 902 226
cam_01 11982 2 1 902 228
cam_01 12038 2 2 776 218
cam_01 12003 2 1 884 224
cam_01 12087 1 4 202 578
cam_01 12009 1 1 15 436
cam_01 12119 2 4 694 181
cam_01 12160 1 4 92 456
cam_01 12176 1 4 208 580
cam_01 12070 1 4 129 541
cam_01 12069 2 1 912 232
cam_01 12080 2 2 781 216
cam_01 12147 2 2 780 220
cam_01 12249 2 4 680 198
cam_01 12222 2 2 770 218
cam_01 12210 1 2 40 556
cam_01 12225 1 1 9 457
cam_01 12246 1 1 18 395
cam_01 12184 1 4 53 572
cam_01 12349 1 2 353 579
cam_01 12296 2 2 788 218
cam_01 12411 1 4 116 582
cam_01 12282 2 1 888 227
cam_01 12421 1 4 311 589
cam_01 12397 1 4 91 352
cam_01 12408 2 4 777 206
cam_01 12369 1 1 8 405
cam_01 12446 2 2 672 203
cam_01 12408 2 1 896 225
cam_01 12422 1 2 107 584
cam_01 12483 2 2 786 198
cam_01 12439 1 1 23 399
cam_01 12436 1 1 21 496
cam_01 12481 1 1 5 406
cam_01 12524 2 2 770 214
cam_01 12538 1 1 22 415
cam_01 12593 1 4 278 574
cam_01 12486 2 1 900 227
cam_01 12505 1 1 7 399
cam_01 12511 1 1 22 460
cam_01 12654 1 4 76 583
cam_01 12559 1 1 24 476
cam_01 12632 2 4 783 197
cam_01 12552 2 1 924 244
cam_01 12569 2 1 898 222
cam_01 12620 2 2 679 215
cam_01 12613 1 4 207 584
cam_01 12629 2 1 905 228
cam_01 12676 1 1 10 424
cam_01 12682 1 1 11 407
cam_01 12680 2 1 900 225
cam_01 12689 2 4 711 208
cam_01 12692 2 1 905 228
cam_01 12702 2 1 907 226
cam_01 12775 2 2 712 212
cam_01 12825 2 2 764 214
cam_01 12906 1 1 14 426
cam_01 13033 1 4 286 585
cam_01 12917 2 2 721 213
cam_01 12981 1 4 44 552
cam_01 13008 2 4 674 196
cam_01 12898 1 1 16 412
cam_01 13076 2 4 779 186
cam_01 13018 1 1 11 408
cam_01 12969 2 4 812 236
cam_01 13065 1 1 18 421
cam_01 13050 2 1 913 228
cam_01 13035 1 1 18 394
cam_01 13136 1 1 68 562
cam_01 13328 2 4 682 189
cam_01 13350 1 1 8 459
cam_01 13320 1 2 122 556
cam_01 13275 2 1 901 227
cam_01 13389 1 4 178 518
cam_01 13299 2 1 901 226
cam_01 13362 2 4 684 252
cam_01 13357 2 2 789 214
cam_01 13335 2 1 900 228
cam_01 13467 2 4 692 198
cam_01 13436 1 1 20 524
cam_01 13476 1 2 167 586
cam_01 13458 1 1 9 435
cam_01 13403 2 1 909 226
cam_01 13402 1 4 113 583
cam_01 13482 1 1 33 452
cam_01 13500 1 4 313 524
cam_01 13441 2 1 904 225
cam_01 13499 2 4 792 206
