cam_25 57 2 1 1049 325
cam_25 80 2 2 1032 313
cam_25 105 2 1 1070 327
cam_25 95 1 1 230 498
cam_25 411 2 1 1038 322
cam_25 451 2 1 1048 336
cam_25 471 2 1 1032 330
cam_25 499 2 1 1043 347
cam_25 522 2 1 1053 320
cam_25 628 2 1 1053 345
cam_25 648 2 1 1053 336
cam_25 832 2 1 1006 315
cam_25 872 2 1 1046 323
cam_25 1015 2 1 1026 329
cam_25 1018 2 1 1053 329
cam_25 1084 2 1 1056 324
cam_25 1071 2 1 1010 316
cam_25 1128 2 1 1036 324
cam_25 1144 2 1 1039 322
cam_25 1192 2 1 1066 323
cam_25 1318 2 1 1073 331
cam_25 1357 2 1 1037 336
cam_25 1363 2 1 1014 315
cam_25 1359 2 1 1039 322
cam_25 1437 2 1 1038 318
cam_25 1505 2 1 1027 312
cam_25 1501 2 1 1061 325
cam_25 1611 2 1 1063 325
cam_25 1650 1 1 212 502
cam_25 1668 2 1 1006 331
cam_25 1836 2 1 1063 335
cam_25 2029 2 1 1044 324
cam_25 2049 2 1 1073 326
cam_25 2030 1 1 247 492
cam_25 2074 2 1 1028 316
cam_25 2100 2 1 1032 334
cam_25 2095 2 1 1009 328
cam_25 2196 2 1 1048 320
cam_25 2313 2 1 1021 310
cam_25 2350 2 1 1049 327
cam_25 2410 2 1 1030 327
cam_25 2466 2 1 1061 321
cam_25 2509 2 1 1026 313
cam_25 2550 1 1 203 482
cam_25 2595 2 1 1024 318
cam_25 2665 2 1 1035 321
cam_25 2648 2 1 1019 316
cam_25 2649 2 1 997 312
cam_25 2761 2 1 1045 325
cam_25 2805 2 1 1037 347
cam_25 2826 2 1 1053 331
cam_25 2844 2 1 1026 317
cam_25 2950 2 1 1040 325
cam_25 3101 2 1 1050 323
cam_25 3191 2 1 1059 324
cam_25 3219 2 1 1033 351
cam_25 3296 2 1 1053 323
cam_25 3370 2 1 1045 331
cam_25 3449 2 1 1037 321
cam_25 3517 2 1 1003 315
cam_25 3566 2 1 960 309
cam_25 3660 2 1 1030 323
cam_25 3751 2 1 1080 327
cam_25 3794 2 1 1050 323
cam_25 3807 2 1 1017 326
cam_25 3807 2 1 987 310
cam_25 4002 2 1 1057 327
cam_25 4036 2 1 1066 336
cam_25 4076 2 1 1038 328
cam_25 4137 2 1 1011 318
cam_25 4159 2 1 1034 325
cam_25 4174 2 1 1035 319
cam_25 4229 2 1 1056 326
cam_25 4935 1 4 236 535
cam_25 4377 2 1 1056 322
cam_25 4380 2 1 1031 323
cam_25 4449 2 4 1018 293
cam_25 4483 2 1 1012 344
cam_25 4500 2 1 1064 324
cam_25 4602 2 1 1029 317
cam_25 4636 2 1 1024 313
cam_25 4646 2 1 1019 314
cam_25 4690 2 1 1037 327
cam_25 4713 2 1 1027 330
cam_25 4790 2 1 1064 328
cam_25 4822 2 1 1041 339
cam_25 4818 2 1 1007 320
cam_25 4872 1 2 272 575
cam_25 4922 2 1 1066 323
cam_25 4974 2 1 1049 322
cam_25 5046 2 1 1034 318
cam_25 5169 2 1 1035 331
cam_25 5191 2 1 1060 326
cam_25 5235 2 1 1042 344
cam_25 5355 2 1 1055 326
cam_25 5611 1 4 165 420
cam_25 5680 2 1 1067 332
cam_25 5690 2 1 1041 320
cam_25 5769 2 1 1029 321
cam_25 5800 2 1 1039 324
cam_25 5989 2 1 1007 311
cam_25 6050 2 2 1014 311
cam_25 6163 2 1 1036 323
cam_25 6207 2 1 1033 333
cam_25 6262 2 1 1030 317
cam_25 6306 2 1 1000 318
cam_25 6455 2 1 1069 324
cam_25 6463 2 1 1006 308
cam_25 6608 2 1 1062 325
cam_25 6669 2 1 1067 322
cam_25 6783 2 1 984 312
cam_25 6807 2 1 1056 326
cam_25 7494 1 4 196 404
cam_25 6887 2 1 1058 323
cam_25 6950 2 1 1046 324
cam_25 6988 2 1 1051 333
cam_25 7087 2 1 1062 329
cam_25 7120 2 2 1023 335
cam_25 7374 2 1 1057 346
cam_25 7396 2 1 1049 322
cam_25 7488 1 2 228 579
cam_25 7498 1 2 398 463
cam_25 7566 2 4 1030 276
cam_25 7564 2 1 1054 337
cam_25 7585 2 1 1022 311
cam_25 7588 2 1 1038 336
cam_25 7601 2 1 1007 313
cam_25 7655 2 1 1060 321
cam_25 7731 2 4 1012 296
cam_25 7689 2 4 1004 303
cam_25 7706 2 1 1065 328
cam_25 7763 2 2 1017 306
cam_25 7770 2 1 986 331
cam_25 7792 2 1 1033 328
cam_25 7837 2 1 1037 328
cam_25 7863 2 1 1043 323
cam_25 7935 2 2 1023 307
cam_25 7965 1 2 299 566
cam_25 7991 2 1 1064 320
cam_25 8008 1 1 573 559
cam_25 8036 1 1 632 585
cam_25 8107 2 2 1018 305
cam_25 8175 2 1 1014 314
cam_25 8225 2 1 1069 321
cam_25 8242 2 1 1018 312
cam_25 8477 2 1 1023 316
cam_25 8614 2 1 1027 320
cam_25 8647 2 1 1027 322
cam_25 8661 2 4 990 299
cam_25 8676 1 1 179 481
cam_25 8689 2 1 1013 310
cam_25 8771 2 1 1013 309
cam_25 8780 2 1 1001 314
cam_25 8882 2 1 1066 323
cam_25 9004 2 1 1020 325
cam_25 9225 2 1 1046 321
cam_25 9255 2 2 996 305
cam_25 9280 2 1 1017 311
cam_25 9294 2 4 956 322
cam_25 9328 2 1 1007 315
cam_25 9330 2 1 1034 327
cam_25 9526 2 1 1066 338
cam_25 9537 2 1 1026 315
cam_25 9538 1 4 456 487
cam_25 9576 2 1 1064 325
cam_25 9568 2 1 975 305
cam_25 9645 2 1 1040 333
cam_25 9672 2 1 999 329
cam_25 9691 2 1 1043 337
cam_25 9714 2 1 1028 318
cam_25 9744 2 1 986 337
cam_25 9759 2 1 1063 337
cam_25 9762 2 1 1014 327
cam_25 9831 1 1 246 501
cam_25 9836 1 2 275 522
cam_25 9833 1 1 398 465
cam_25 9984 2 1 1074 341
cam_25 10097 2 4 980 294
cam_25 10238 2 1 1046 322
cam_25 10239 2 1 1002 312
cam_25 10263 2 1 1066 324
cam_25 10246 1 1 334 473
cam_25 10261 2 2 994 302
cam_25 10296 2 1 1006 311
cam_25 10465 2 1 1054 326
cam_25 10572 2 1 1056 324
cam_25 10605 1 2 237 531
cam_25 10621 1 2 172 583
cam_25 10887 2 1 1043 323
cam_25 10989 2 1 1017 314
cam_25 11046 2 2 1042 302
cam_25 11224 2 1 1068 333
cam_25 11274 2 1 1039 327
cam_25 12522 2 4 1031 274
cam_25 11427 2 1 1052 329
cam_25 11636 2 2 1026 308
cam_25 11692 2 1 1070 339
cam_25 11688 2 1 1016 318
cam_25 12453 1 1 159 497
cam_25 12472 2 1 1059 333
cam_25 12537 2 1 1015 338
cam_25 12543 2 1 1012 313
cam_25 12534 2 1 1033 338
cam_25 12550 2 1 1059 326
cam_25 12589 2 1 1036 338
cam_25 12636 2 4 1016 293
cam_25 12653 2 4 1021 305
cam_25 12711 1 1 539 594
cam_25 12783 1 2 402 508
cam_25 12799 2 1 1056 344
cam_25 12798 2 1 1026 338
cam_25 12829 2 1 1042 337
cam_25 12885 2 2 1029 309
cam_25 12899 2 1 1059 322
cam_25 12926 2 2 1019 311
cam_25 13059 2 1 1026 321
cam_25 13087 2 1 1025 332
cam_25 13209 2 1 1074 324
cam_25 13218 1 3 322 543
cam_25 13247 2 1 1007 316
cam_25 13258 2 1 1025 313
cam_25 13346 2 1 1069 326
cam_25 13392 2 1 1034 331
cam_25 13431 2 2 1004 309
cam_25 13449 2 1 1033 333
cam_25 13500 1 2 418 511
