cam_13 51 2 1 842 168
cam_13 21 1 1 114 374
cam_13 55 1 1 110 350
cam_13 93 1 1 115 374
cam_13 171 2 1 841 144
cam_13 120 1 1 118 405
cam_13 138 1 1 98 362
cam_13 203 2 4 690 157
cam_13 244 2 1 785 99
cam_13 264 2 4 671 101
cam_13 295 1 4 243 443
cam_13 279 2 4 717 105
cam_13 256 1 2 587 293
cam_13 290 2 2 683 172
cam_13 325 2 1 789 145
cam_13 325 2 1 796 159
cam_13 282 1 2 256 450
cam_13 325 2 1 666 83
cam_13 390 2 1 785 131
cam_13 339 2 1 792 130
cam_13 332 2 1 820 161
cam_13 357 2 4 658 130
cam_13 349 2 1 805 155
cam_13 376 2 1 737 105
cam_13 433 2 4 659 20
cam_13 437 2 1 841 165
cam_13 411 1 2 499 315
cam_13 456 2 2 804 107
cam_13 507 1 2 55 446
cam_13 463 2 1 731 121
cam_13 481 1 4 312 453
cam_13 497 2 4 729 201
cam_13 469 1 1 86 342
cam_13 528 2 1 871 163
cam_13 519 1 4 329 396
cam_13 562 2 1 670 57
cam_13 546 1 1 99 324
cam_13 618 2 4 704 126
cam_13 648 1 1 117 370
cam_13 661 2 1 789 82
cam_13 686 2 1 826 163
cam_13 681 1 1 100 389
cam_13 654 1 3 480 440
cam_13 714 2 4 658 225
cam_13 694 1 1 176 330
cam_13 761 2 4 686 136
cam_13 733 1 1 127 354
cam_13 772 2 1 875 189
cam_13 780 2 3 733 52
cam_13 757 1 2 546 290
cam_13 787 2 1 809 124
cam_13 818 2 4 817 158
cam_13 807 1 1 164 302
cam_13 909 2 1 837 137
cam_13 881 2 1 803 170
cam_13 889 2 1 767 81
cam_13 902 2 2 697 145
cam_13 909 2 1 738 171
cam_13 930 2 1 770 -17
cam_13 954 2 1 785 136
cam_13 933 1 1 112 396
cam_13 987 2 1 825 154
cam_13 1003 2 1 741 105
cam_13 1003 2 1 811 129
cam_13 948 1 1 108 331
cam_13 993 2 2 632 59
cam_13 1003 2 1 784 120
cam_13 1039 2 1 778 121
cam_13 1028 1 2 490 468
cam_13 1077 2 1 737 102
cam_13 1065 2 1 743 97
cam_13 1113 1 1 74 344
cam_13 1150 2 1 749 111
cam_13 1092 1 1 242 299
cam_13 1156 2 1 686 93
cam_13 1135 1 1 121 372
cam_13 1157 2 2 667 92
cam_13 1150 1 4 241 485
cam_13 1211 2 1 861 166
cam_13 1141 1 4 334 403
cam_13 1146 1 1 173 361
cam_13 1221 1 2 337 442
cam_13 1272 2 1 802 168
cam_13 1268 2 1 807 136
cam_13 1315 1 1 121 379
cam_13 1369 1 1 122 346
cam_13 1443 1 3 289 438
cam_13 1538 2 2 826 137
cam_13 1558 2 1 737 75
cam_13 1540 2 2 619 26
cam_13 1531 1 1 226 318
cam_13 1540 1 1 80 394
cam_13 1534 1 1 155 340
cam_13 1629 2 1 835 148
cam_13 1625 2 2 798 164
cam_13 1563 1 1 74 365
cam_13 1662 1 1 77 359
cam_13 1695 2 1 888 106
cam_13 1626 1 1 101 362
cam_13 1739 2 4 681 184
cam_13 1764 2 1 722 96
cam_13 1746 1 4 286 446
cam_13 1801 1 3 215 474
cam_13 1785 1 3 267 445
cam_13 1853 2 1 876 168
cam_13 1857 1 4 343 432
cam_13 1959 2 1 676 41
cam_13 1978 1 2 537 390
cam_13 2068 2 1 760 110
cam_13 2067 2 4 614 54
cam_13 2092 2 1 817 146
cam_13 2112 2 1 881 133
cam_13 2079 1 1 88 334
cam_13 2112 2 1 769 149
cam_13 2126 2 1 843 165
cam_13 2104 1 1 104 382
cam_13 2196 2 1 779 167
cam_13 2229 2 1 798 147
cam_13 2293 2 1 871 136
cam_13 2317 2 1 826 152
cam_13 2362 2 1 694 50
cam_13 2425 2 1 870 178
cam_13 2439 2 1 825 166
cam_13 2406 1 4 417 457
cam_13 2425 1 1 126 389
cam_13 2499 2 1 770 138
cam_13 2547 2 1 712 80
cam_13 2541 2 3 649 91
cam_13 2521 1 1 115 319
cam_13 2598 2 4 688 88
cam_13 2617 1 1 109 341
cam_13 2629 1 1 105 384
cam_13 2646 1 2 531 317
cam_13 2712 2 1 778 108
cam_13 2734 2 1 814 143
cam_13 2734 2 1 827 109
cam_13 2691 1 1 96 327
cam_13 2787 1 4 228 464
cam_13 2748 1 1 115 362
cam_13 2837 2 1 841 167
cam_13 2809 1 1 99 369
cam_13 2895 2 2 685 115
cam_13 2917 1 4 411 460
cam_13 2925 2 1 745 69
cam_13 2923 1 1 163 358
cam_13 3013 2 1 938 185
cam_13 3066 1 2 303 505
cam_13 3107 2 2 774 175
cam_13 3046 1 1 145 321
cam_13 3094 2 4 623 154
cam_13 3288 2 2 883 104
cam_13 3246 2 1 875 145
cam_13 3238 1 2 489 484
cam_13 3262 2 1 900 175
cam_13 3216 1 1 160 336
cam_13 3267 2 1 781 123
cam_13 3285 2 4 778 156
cam_13 3285 2 1 806 147
cam_13 3253 1 1 124 337
cam_13 3300 2 1 844 145
cam_13 3258 1 2 414 306
cam_13 3304 2 1 785 96
cam_13 3300 2 4 557 -35
cam_13 3328 2 1 766 110
cam_13 3364 2 1 839 151
cam_13 3304 1 2 198 294
cam_13 3333 1 2 118 392
cam_13 3315 1 1 88 383
cam_13 3331 1 2 499 452
cam_13 3420 2 1 834 107
cam_13 3384 1 1 98 370
cam_13 3434 2 1 859 167
cam_13 3430 2 4 659 97
cam_13 3418 1 1 83 391
cam_13 3424 1 1 106 399
cam_13 3519 2 2 666 29
cam_13 3487 1 1 75 369
cam_13 3528 2 1 755 121
cam_13 3583 2 1 841 142
cam_13 3529 1 1 91 423
cam_13 3615 2 1 795 135
cam_13 3669 2 1 830 160
cam_13 3646 1 1 101 346
cam_13 3714 2 1 761 159
cam_13 3693 1 1 101 385
cam_13 3773 2 1 857 166
cam_13 3768 2 4 692 54
cam_13 3731 1 2 426 422
cam_13 3750 1 1 65 360
cam_13 3813 2 1 812 168
cam_13 3810 2 1 752 105
cam_13 3792 1 1 95 436
cam_13 3855 2 1 792 124
cam_13 3863 2 1 749 69
cam_13 3861 1 2 468 458
cam_13 3871 1 1 109 408
cam_13 3952 2 1 739 105
cam_13 3996 2 1 756 105
cam_13 3993 2 1 763 112
cam_13 4019 1 2 505 430
cam_13 4056 2 4 653 56
cam_13 4071 2 1 727 95
cam_13 4071 2 1 597 47
cam_13 4089 2 1 772 134
cam_13 4095 2 1 814 137
cam_13 4087 1 1 123 404
cam_13 4197 2 1 810 139
cam_13 4176 1 2 393 493
cam_13 4207 2 1 854 139
cam_13 4222 2 1 802 134
cam_13 4203 1 1 64 365
cam_13 4200 1 1 191 341
cam_13 4260 2 1 686 46
cam_13 4263 2 1 811 119
cam_13 4300 1 1 94 394
cam_13 4377 2 1 787 136
cam_13 4399 2 1 852 150
cam_13 4399 2 1 788 105
cam_13 4401 2 1 789 71
cam_13 4440 2 2 714 122
cam_13 4451 2 2 770 134
cam_13 4465 2 1 770 138
cam_13 4468 1 4 239 466
cam_13 4469 2 4 763 192
cam_13 4503 2 1 795 145
cam_13 4515 2 4 690 10
cam_13 4541 2 4 679 184
cam_13 4552 2 4 711 88
cam_13 4510 1 1 74 356
cam_13 4545 1 1 75 398
cam_13 4566 1 1 73 416
cam_13 4605 2 1 756 102
cam_13 4605 2 4 662 69
cam_13 4656 2 2 822 132
cam_13 4642 1 1 120 385
cam_13 4692 2 1 757 78
cam_13 4737 2 1 854 139
cam_13 4740 1 1 51 359
cam_13 4754 2 2 715 178
cam_13 4775 2 1 855 169
cam_13 4774 2 1 777 126
cam_13 4781 2 1 313 -164
cam_13 4791 2 1 937 181
cam_13 4789 2 1 809 155
cam_13 4827 2 1 830 149
cam_13 4833 2 1 748 -69
cam_13 4845 2 4 730 85
cam_13 4864 2 1 826 140
cam_13 4848 1 2 516 364
cam_13 4864 1 2 451 298
cam_13 4899 2 1 794 139
cam_13 4917 2 1 790 108
cam_13 4946 2 2 881 164
cam_13 4904 1 2 469 484
cam_13 4964 2 3 602 -70
cam_13 4992 2 1 799 139
cam_13 5022 2 1 613 17
cam_13 4992 2 1 856 177
cam_13 5022 2 1 823 141
cam_13 4987 1 1 129 367
cam_13 5032 2 1 493 -91
cam_13 5028 2 1 838 198
cam_13 5081 2 2 761 180
cam_13 5083 2 1 820 128
cam_13 5110 2 1 801 109
cam_13 5110 2 1 819 134
cam_13 5110 2 1 732 110
cam_13 5170 2 1 828 123
cam_13 5145 2 2 725 146
cam_13 5181 2 1 831 131
cam_13 5172 2 1 806 196
cam_13 5137 2 1 857 142
cam_13 5151 1 1 80 353
cam_13 5242 2 3 469 -392
cam_13 5266 2 4 93 -976
cam_13 5266 2 1 718 87
cam_13 5290 2 1 787 143
cam_13 5395 2 1 804 163
cam_13 5434 2 1 842 136
cam_13 5403 2 1 874 128
cam_13 5383 1 2 546 291
cam_13 5470 1 1 101 360
cam_13 5628 1 2 520 343
cam_13 5697 2 4 683 96
cam_13 5813 2 2 728 147
cam_13 5838 2 2 691 85
cam_13 5884 2 1 770 106
cam_13 5901 1 2 346 402
cam_13 5902 2 1 781 121
cam_13 5935 1 4 211 434
cam_13 5943 2 1 757 101
cam_13 5943 2 1 707 71
cam_13 5946 1 2 464 556
cam_13 5982 1 2 307 455
cam_13 5975 2 1 782 109
cam_13 5955 2 1 786 113
cam_13 5961 1 1 115 364
cam_13 5971 1 1 120 384
cam_13 6055 2 1 769 99
cam_13 6009 1 1 102 343
cam_13 6078 2 1 822 139
cam_13 6024 1 1 84 380
cam_13 6072 2 1 735 106
cam_13 6048 1 1 127 398
cam_13 6091 2 1 512 -57
cam_13 6085 2 1 694 46
cam_13 6112 2 1 803 123
cam_13 6097 2 1 845 156
cam_13 6063 1 1 88 423
cam_13 6127 2 1 789 118
cam_13 6139 2 1 806 148
cam_13 6124 2 1 721 78
cam_13 6076 1 1 148 345
cam_13 6139 2 1 707 105
cam_13 6088 1 1 155 305
cam_13 6167 2 2 695 147
cam_13 6169 2 2 624 67
cam_13 6166 1 1 104 331
cam_13 6178 2 2 768 136
cam_13 6193 2 2 839 136
cam_13 6318 1 2 60 427
cam_13 6360 2 1 828 180
cam_13 6364 2 1 735 75
cam_13 6374 2 1 843 165
cam_13 6336 1 1 98 348
cam_13 6402 2 1 816 139
cam_13 6378 2 1 801 137
cam_13 6424 2 1 828 132
cam_13 6412 1 3 482 443
cam_13 6476 2 1 865 168
cam_13 6479 1 4 177 439
cam_13 6468 2 1 864 145
cam_13 6442 1 2 562 272
cam_13 6494 2 1 822 166
cam_13 6491 2 1 888 166
cam_13 6472 1 1 85 360
cam_13 6535 2 2 707 80
cam_13 6537 1 2 336 432
cam_13 6586 2 1 732 68
cam_13 6571 1 1 87 359
cam_13 6633 2 1 780 107
cam_13 6701 2 4 686 107
cam_13 6691 2 1 673 57
cam_13 6696 1 1 94 358
cam_13 6745 2 1 744 81
cam_13 6774 2 1 810 154
cam_13 6851 2 1 864 166
cam_13 6789 1 1 112 335
cam_13 6802 1 1 135 377
cam_13 6808 1 1 111 365
cam_13 6850 1 1 111 395
cam_13 6894 2 4 688 125
cam_13 6915 1 4 249 413
cam_13 6882 1 2 498 400
cam_13 6877 1 1 130 374
cam_13 6931 1 1 145 367
cam_13 6954 1 1 113 407
cam_13 6966 1 1 204 319
cam_13 7015 1 1 79 350
cam_13 7048 2 1 706 93
cam_13 7080 2 2 707 142
cam_13 7218 1 2 595 239
cam_13 7201 1 1 109 333
cam_13 7293 2 2 719 145
cam_13 7275 1 1 106 364
cam_13 7363 1 1 104 410
cam_13 7416 2 1 805 118
cam_13 7414 2 1 769 109
cam_13 7414 2 2 728 102
cam_13 7434 2 1 784 67
cam_13 7449 2 1 774 89
cam_13 7446 1 2 127 401
cam_13 7489 2 1 801 132
cam_13 7458 1 1 92 376
cam_13 7480 2 4 682 68
cam_13 7476 1 4 231 486
cam_13 7486 1 1 70 359
cam_13 7470 1 1 69 356
cam_13 7533 2 2 786 111
cam_13 7531 2 1 813 155
cam_13 7509 1 1 77 350
cam_13 7559 2 1 830 165
cam_13 7544 2 4 764 159
cam_13 7539 1 4 106 423
cam_13 7606 2 1 776 120
cam_13 7549 1 1 106 376
cam_13 7608 2 1 746 140
cam_13 7608 2 1 764 118
cam_13 7644 2 1 839 141
cam_13 7575 1 1 426 304
cam_13 7650 2 1 784 106
cam_13 7598 1 2 495 468
cam_13 7609 1 1 114 335
cam_13 7663 2 1 732 126
cam_13 7681 2 1 753 84
cam_13 7765 2 1 774 129
cam_13 7756 2 1 695 105
cam_13 7847 2 4 595 -43
cam_13 7831 1 1 143 374
cam_13 7879 2 1 730 65
cam_13 7896 1 1 88 360
cam_13 7935 1 3 403 487
cam_13 7938 1 1 239 296
cam_13 8000 2 1 916 165
cam_13 7953 1 1 128 336
cam_13 8002 2 1 671 74
cam_13 8009 2 4 716 187
cam_13 7980 1 1 94 359
cam_13 7995 1 1 102 390
cam_13 8019 1 1 66 362
cam_13 8098 2 1 774 136
cam_13 8103 2 4 674 75
cam_13 8142 2 4 653 93
cam_13 8146 2 1 732 76
cam_13 8158 2 1 792 132
cam_13 8119 1 1 112 349
cam_13 8128 1 2 110 402
cam_13 8225 2 4 721 142
cam_13 8197 1 1 118 363
cam_13 8350 2 1 710 89
cam_13 8323 1 1 118 364
cam_13 8376 1 1 130 364
cam_13 8395 1 1 207 338
cam_13 8400 1 1 111 362
cam_13 8509 1 1 71 362
cam_13 8517 1 1 208 317
cam_13 8535 1 1 66 346
cam_13 8589 2 1 708 106
cam_13 8631 2 1 833 138
cam_13 8645 2 1 816 166
cam_13 8692 1 4 383 427
cam_13 8676 2 1 739 85
cam_13 8665 1 1 62 347
cam_13 8725 2 1 753 93
cam_13 8743 2 2 719 121
cam_13 8766 1 3 253 411
cam_13 8785 2 1 775 90
cam_13 8802 2 1 790 100
cam_13 8790 1 1 205 303
cam_13 8802 1 1 117 402
cam_13 8797 1 1 92 386
cam_13 8841 1 2 504 337
cam_13 8889 2 1 812 109
cam_13 8902 2 1 755 102
cam_13 8905 2 1 816 142
cam_13 8910 2 1 785 118
cam_13 8958 2 4 689 293
cam_13 8916 1 2 502 375
cam_13 8962 2 1 800 123
cam_13 8928 2 1 815 155
cam_13 8996 2 1 792 165
cam_13 8949 1 1 96 360
cam_13 8938 1 2 76 414
cam_13 9009 2 1 809 114
cam_13 9060 2 1 789 74
cam_13 9069 2 1 858 135
cam_13 9025 2 1 599 -93
cam_13 9051 2 1 750 19
cam_13 9084 2 1 795 104
cam_13 9040 1 1 108 358
cam_13 9031 1 2 377 374
cam_13 9085 2 1 808 100
cam_13 9033 1 3 503 392
cam_13 9116 2 1 816 133
cam_13 9125 2 1 849 165
cam_13 9193 1 4 452 393
cam_13 9285 2 1 833 124
cam_13 9309 2 1 844 47
cam_13 9312 1 2 565 272
cam_13 9343 2 1 683 36
cam_13 9372 2 1 807 104
cam_13 9358 1 1 101 363
cam_13 9373 1 1 103 353
cam_13 9403 1 1 100 386
cam_13 9442 1 1 60 420
cam_13 9427 1 1 81 400
cam_13 9470 1 2 292 473
cam_13 9459 2 4 628 128
cam_13 9475 1 1 66 357
cam_13 9546 2 1 860 141
cam_13 9504 1 1 85 381
cam_13 9547 2 1 714 87
cam_13 9579 1 2 403 504
cam_13 9618 2 1 753 97
cam_13 9632 2 1 828 167
cam_13 9678 2 2 689 114
cam_13 9705 2 1 874 170
cam_13 9666 1 1 86 325
cam_13 9739 2 1 752 106
cam_13 9735 1 1 81 386
cam_13 9781 1 4 177 507
cam_13 9774 1 4 567 469
cam_13 9787 1 1 75 350
cam_13 9843 2 1 786 75
cam_13 9880 2 1 715 101
cam_13 9912 2 1 788 168
cam_13 9854 1 2 466 454
cam_13 9870 1 1 101 381
cam_13 9925 1 1 122 395
cam_13 9984 2 4 689 202
cam_13 9991 2 1 794 135
cam_13 10041 2 4 700 133
cam_13 10051 2 2 635 68
cam_13 10021 1 1 157 360
cam_13 10038 1 1 118 393
cam_13 10098 1 1 80 364
cam_13 10077 1 1 88 359
cam_13 10163 2 1 898 165
cam_13 10123 1 1 128 371
cam_13 10168 1 1 116 422
cam_13 10240 1 4 73 351
cam_13 10282 2 1 797 113
cam_13 10279 1 3 187 488
cam_13 10326 2 1 834 169
cam_13 10299 1 3 409 458
cam_13 10332 2 1 842 178
cam_13 10333 2 1 815 166
cam_13 10303 1 1 75 336
cam_13 10368 2 1 804 106
cam_13 10351 1 2 517 358
cam_13 10392 2 4 658 82
cam_13 10424 2 1 872 168
cam_13 10362 1 1 74 375
cam_13 10374 1 1 94 373
cam_13 10463 2 1 867 169
cam_13 10405 1 1 102 391
cam_13 10481 2 1 866 165
cam_13 10487 2 1 836 196
cam_13 10492 2 4 659 64
cam_13 10524 2 1 826 139
cam_13 10531 2 1 593 -36
cam_13 10539 2 1 820 135
cam_13 10516 1 1 133 365
cam_13 10543 1 2 369 428
cam_13 10620 2 4 698 109
cam_13 10552 1 1 71 401
cam_13 10669 2 4 657 50
cam_13 10686 2 1 801 138
cam_13 10713 2 1 745 106
cam_13 10729 2 4 651 50
cam_13 10686 1 1 85 354
cam_13 10799 2 1 848 166
cam_13 10788 2 4 684 139
cam_13 10834 1 4 402 431
cam_13 10954 2 1 818 168
cam_13 10989 1 1 73 380
cam_13 11028 1 1 169 352
cam_13 11088 1 1 89 360
cam_13 11111 2 4 723 155
cam_13 11130 2 1 803 144
cam_13 11093 1 4 476 487
cam_13 11137 2 1 714 29
cam_13 11107 1 1 93 398
cam_13 11097 1 1 180 393
cam_13 11154 2 1 704 107
cam_13 11134 1 1 146 337
cam_13 11196 2 1 770 103
cam_13 11140 1 1 87 333
cam_13 11175 1 1 70 370
cam_13 11185 1 1 106 380
cam_13 11244 2 4 674 34
cam_13 11231 2 1 665 33
cam_13 11256 2 1 680 47
cam_13 11236 1 4 417 499
cam_13 11266 2 1 798 157
cam_13 11248 2 1 656 43
cam_13 11268 2 1 708 79
cam_13 11263 2 1 961 212
cam_13 11269 2 1 925 173
cam_13 11309 2 2 691 175
cam_13 11288 2 1 732 183
cam_13 11323 2 1 797 138
cam_13 11301 2 1 657 58
cam_13 11315 2 1 766 146
cam_13 11333 2 1 773 153
cam_13 11388 2 2 811 166
cam_13 11301 1 1 128 350
cam_13 11374 2 1 701 106
cam_13 11360 1 2 302 466
cam_13 11395 2 1 782 117
cam_13 11418 2 1 818 120
cam_13 11449 2 1 796 136
cam_13 11452 2 1 726 126
cam_13 11457 1 4 458 470
cam_13 11467 1 2 112 392
cam_13 11518 1 2 88 407
cam_13 11470 1 1 126 321
cam_13 11478 1 1 62 443
cam_13 11562 2 1 770 105
cam_13 11533 1 1 74 385
cam_13 11562 2 4 629 59
cam_13 11590 2 1 793 155
cam_13 11568 1 1 351 384
cam_13 11581 1 1 109 353
cam_13 11586 1 1 85 360
cam_13 11595 1 1 83 385
cam_13 11607 1 1 186 315
cam_13 11686 2 1 810 139
cam_13 11644 1 1 128 346
cam_13 11725 2 1 799 141
cam_13 11755 2 2 807 136
cam_13 11704 1 1 72 360
cam_13 11803 2 1 788 127
cam_13 11757 1 1 115 375
cam_13 11766 1 1 142 364
cam_13 11788 1 1 130 373
cam_13 11882 2 1 888 167
cam_13 11853 1 1 81 379
cam_13 11920 2 1 800 153
cam_13 11895 1 1 158 346
cam_13 11969 2 4 736 187
cam_13 12030 2 1 793 77
cam_13 12009 1 4 676 -424
cam_13 12069 1 4 362 501
cam_13 12028 1 1 122 336
cam_13 12124 1 4 529 329
cam_13 12265 2 1 764 72
cam_13 12235 1 2 538 301
cam_13 12354 2 1 814 166
cam_13 12358 1 1 109 339
cam_13 12428 2 1 839 200
cam_13 12423 2 1 723 75
cam_13 12432 2 1 691 84
cam_13 12430 1 4 540 340
cam_13 12469 2 1 753 80
cam_13 12429 1 1 93 332
cam_13 12444 1 4 492 529
cam_13 12457 1 4 245 454
cam_13 12493 2 1 653 13
cam_13 12535 2 1 762 115
cam_13 12534 2 1 795 119
cam_13 12595 1 4 215 386
cam_13 12584 2 1 873 167
cam_13 12637 2 1 764 108
cam_13 12634 1 1 97 340
cam_13 12618 1 4 139 338
cam_13 12679 2 1 785 110
cam_13 12706 2 1 769 100
cam_13 12694 1 4 420 416
cam_13 12679 1 1 86 381
cam_13 12717 2 1 751 138
cam_13 12762 2 1 786 111
cam_13 12772 2 1 812 153
cam_13 12738 1 1 93 381
cam_13 12810 2 1 785 133
cam_13 12847 2 1 751 48
cam_13 12823 1 1 138 343
cam_13 12853 2 1 642 42
cam_13 12856 1 2 291 461
cam_13 12868 2 1 801 111
cam_13 12962 1 4 375 553
cam_13 12954 2 1 791 107
cam_13 12963 2 4 660 97
cam_13 12993 2 1 797 95
cam_13 13059 2 2 652 111
cam_13 13044 2 1 796 129
cam_13 13061 2 2 745 210
cam_13 13135 2 2 659 24
cam_13 13134 2 1 740 87
cam_13 13127 1 2 343 448
cam_13 13186 2 1 771 106
cam_13 13212 2 1 789 168
cam_13 13195 2 1 764 133
cam_13 13224 2 1 809 143
cam_13 13195 2 1 843 141
cam_13 13219 2 2 635 85
cam_13 13224 2 1 869 170
cam_13 13167 1 1 154 345
cam_13 13233 2 4 666 36
cam_13 13230 2 1 878 200
cam_13 13242 1 3 529 296
cam_13 13236 1 2 114 344
cam_13 13242 1 1 210 337
cam_13 13255 1 4 351 506
cam_13 13273 1 1 114 369
cam_13 13323 2 1 791 127
cam_13 13300 1 1 151 332
cam_13 13339 2 1 787 119
cam_13 13309 1 1 173 342
cam_13 13381 2 1 843 138
cam_13 13350 2 1 818 156
cam_13 13336 1 1 91 343
cam_13 13347 1 1 111 388
cam_13 13421 2 1 696 160
cam_13 13390 1 1 92 345
cam_13 13440 2 4 583 -75
cam_13 13494 1 2 93 383
