cam_06 10 1 1 233 433
cam_06 19 1 1 180 442
cam_06 41 1 1 134 489
cam_06 114 1 4 243 576
cam_06 53 1 1 245 500
cam_06 89 1 4 170 561
cam_06 84 2 1 750 177
cam_06 102 2 1 786 167
cam_06 99 1 1 20 509
cam_06 105 1 1 121 443
cam_06 105 1 1 251 456
cam_06 159 1 3 108 573
cam_06 123 1 1 139 500
cam_06 129 1 3 293 538
cam_06 120 1 1 252 481
cam_06 105 1 1 93 501
cam_06 167 1 2 416 526
cam_06 177 1 2 248 527
cam_06 210 1 2 326 581
cam_06 208 1 2 169 558
cam_06 228 2 4 693 147
cam_06 256 2 4 687 165
cam_06 295 1 4 402 532
cam_06 223 2 1 780 168
cam_06 261 1 4 119 519
cam_06 294 2 2 676 151
cam_06 252 2 1 769 179
cam_06 298 2 2 669 156
cam_06 300 2 4 726 139
cam_06 290 1 1 198 502
cam_06 328 1 4 372 582
cam_06 387 2 4 760 135
cam_06 345 2 4 676 142
cam_06 324 1 1 152 479
cam_06 306 1 2 303 533
cam_06 299 1 4 378 565
cam_06 331 1 1 18 506
cam_06 346 2 1 799 171
cam_06 335 1 1 230 502
cam_06 309 1 4 103 509
cam_06 360 2 2 730 149
cam_06 336 1 1 129 492
cam_06 373 2 2 657 149
cam_06 346 1 1 89 502
cam_06 416 1 2 369 579
cam_06 405 1 1 126 507
cam_06 438 2 4 658 128
cam_06 417 1 1 185 459
cam_06 451 2 4 679 155
cam_06 512 1 4 259 574
cam_06 493 1 1 180 402
cam_06 507 1 1 162 425
cam_06 534 1 1 156 454
cam_06 558 1 1 154 430
cam_06 561 1 2 436 530
cam_06 585 1 1 185 477
cam_06 579 1 1 83 504
cam_06 612 1 4 331 570
cam_06 594 1 1 246 459
cam_06 583 1 1 40 494
cam_06 610 1 1 125 491
cam_06 676 2 4 662 163
cam_06 617 1 1 200 507
cam_06 651 2 1 770 173
cam_06 714 2 2 738 171
cam_06 775 2 2 672 148
cam_06 727 2 1 774 173
cam_06 761 1 2 137 562
cam_06 810 1 4 363 566
cam_06 771 2 2 731 156
cam_06 856 2 4 675 146
cam_06 949 2 2 656 130
cam_06 804 2 1 745 178
cam_06 912 1 4 252 565
cam_06 871 2 2 724 141
cam_06 863 1 4 119 557
cam_06 907 2 2 724 153
cam_06 943 1 4 177 587
cam_06 930 1 1 61 465
cam_06 968 2 4 722 125
cam_06 968 1 3 250 584
cam_06 951 1 1 144 434
cam_06 934 1 1 246 409
cam_06 969 1 1 47 499
cam_06 936 1 1 219 452
cam_06 959 1 1 189 495
cam_06 946 1 1 30 487
cam_06 956 1 1 118 501
cam_06 967 1 1 83 472
cam_06 981 1 1 14 494
cam_06 994 1 4 329 565
cam_06 975 1 1 66 494
cam_06 982 1 1 149 419
cam_06 983 1 3 151 574
cam_06 991 1 1 31 506
cam_06 1038 1 4 329 581
cam_06 990 1 1 279 418
cam_06 1026 1 1 65 514
cam_06 1038 1 1 65 499
cam_06 1009 1 1 113 495
cam_06 1044 1 1 132 484
cam_06 1057 1 3 344 573
cam_06 1053 1 1 88 498
cam_06 1051 1 1 221 481
cam_06 1098 1 4 328 576
cam_06 1065 2 1 756 174
cam_06 1110 2 2 664 138
cam_06 1075 2 1 762 171
cam_06 1092 1 1 214 433
cam_06 1131 1 4 254 575
cam_06 1119 2 1 769 161
cam_06 1126 2 2 734 168
cam_06 1141 1 1 177 492
cam_06 1155 2 2 718 138
cam_06 1148 1 1 127 489
cam_06 1162 2 1 781 176
cam_06 1164 2 2 714 173
cam_06 1158 1 1 202 427
cam_06 1237 1 4 316 579
cam_06 1197 2 2 724 152
cam_06 1175 2 1 772 144
cam_06 1176 2 1 770 148
cam_06 1210 1 2 181 552
cam_06 1185 2 1 777 177
cam_06 1221 1 1 199 436
cam_06 1251 1 4 248 545
cam_06 1245 1 1 31 481
cam_06 1235 1 1 81 499
cam_06 1263 2 4 682 175
cam_06 1252 1 4 350 578
cam_06 1263 1 4 440 580
cam_06 1294 1 4 120 581
cam_06 1323 2 4 690 117
cam_06 1252 1 4 74 577
cam_06 1264 1 4 86 564
cam_06 1277 1 1 109 492
cam_06 1276 1 1 150 439
cam_06 1269 1 1 30 495
cam_06 1368 2 4 678 121
cam_06 1396 1 4 350 543
cam_06 1363 1 1 336 402
cam_06 1375 1 1 212 408
cam_06 1386 1 1 156 451
cam_06 1401 1 2 142 549
cam_06 1416 1 1 188 420
cam_06 1487 1 4 242 566
cam_06 1432 1 3 393 584
cam_06 1430 1 1 128 488
cam_06 1447 1 1 303 442
cam_06 1469 1 3 116 564
cam_06 1480 2 2 689 158
cam_06 1443 1 1 186 453
cam_06 1516 1 4 248 573
cam_06 1480 2 1 766 174
cam_06 1485 2 1 722 167
cam_06 1491 1 1 167 456
cam_06 1497 1 1 162 485
cam_06 1540 2 2 717 140
cam_06 1622 2 2 659 124
cam_06 1530 1 2 455 544
cam_06 1524 1 1 187 432
cam_06 1548 2 2 733 166
cam_06 1513 1 1 117 481
cam_06 1548 2 1 780 173
cam_06 1576 2 1 754 178
cam_06 1575 2 1 806 179
cam_06 1647 1 2 213 557
cam_06 1696 1 4 313 579
cam_06 1676 1 1 80 494
cam_06 1697 1 1 199 496
cam_06 1740 2 2 716 139
cam_06 1714 2 4 669 146
cam_06 1726 1 1 226 510
cam_06 1767 2 4 653 129
cam_06 1722 1 1 305 478
cam_06 1820 1 4 384 573
cam_06 1803 1 1 89 504
cam_06 1831 1 1 185 408
cam_06 1835 1 1 79 506
cam_06 1847 1 1 111 501
cam_06 1822 1 1 203 492
cam_06 1863 1 1 60 493
cam_06 1868 1 1 101 490
cam_06 1851 1 1 290 412
cam_06 1884 1 1 36 492
cam_06 1875 1 1 158 500
cam_06 1878 1 1 261 503
cam_06 1881 1 1 169 447
cam_06 1860 1 1 240 416
cam_06 1920 2 4 655 126
cam_06 1917 1 2 438 549
cam_06 1901 1 1 84 494
cam_06 1911 1 1 243 529
cam_06 1908 1 1 99 510
cam_06 1927 1 2 178 562
cam_06 1926 1 2 467 516
cam_06 1939 1 1 36 512
cam_06 1926 2 1 804 176
cam_06 1923 1 1 62 489
cam_06 1938 2 4 680 132
cam_06 1973 1 4 249 563
cam_06 1944 1 1 115 486
cam_06 1948 2 4 667 153
cam_06 1954 1 1 51 501
cam_06 1947 1 1 265 443
cam_06 1968 1 1 48 508
cam_06 1987 1 1 199 492
cam_06 1985 1 1 119 501
cam_06 2028 2 1 718 146
cam_06 2064 2 1 744 164
cam_06 2157 1 4 331 568
cam_06 2108 2 4 705 130
cam_06 2127 1 1 97 494
cam_06 2126 1 1 203 501
cam_06 2173 2 4 668 119
cam_06 2217 2 4 698 126
cam_06 2193 1 2 316 549
cam_06 2169 1 1 258 408
cam_06 2206 1 1 65 506
cam_06 2232 2 1 791 169
cam_06 2223 2 1 773 164
cam_06 2232 2 2 734 174
cam_06 2267 1 4 342 573
cam_06 2286 2 2 751 151
cam_06 2281 2 2 676 141
cam_06 2280 2 1 720 179
cam_06 2289 2 1 778 171
cam_06 2290 1 2 232 543
cam_06 2319 1 4 327 573
cam_06 2303 1 1 141 483
cam_06 2294 1 1 89 501
cam_06 2338 2 2 682 162
cam_06 2328 1 1 148 507
cam_06 2346 1 2 236 546
cam_06 2332 2 1 769 170
cam_06 2382 2 4 664 133
cam_06 2389 2 1 678 162
cam_06 2377 2 1 744 167
cam_06 2474 1 4 359 582
cam_06 2481 1 1 79 505
cam_06 2504 2 2 669 131
cam_06 2461 2 1 770 178
cam_06 2550 2 2 729 148
cam_06 2518 2 1 757 157
cam_06 2545 2 4 663 135
cam_06 2529 2 1 786 174
cam_06 2539 2 1 771 177
cam_06 2582 1 4 199 570
cam_06 2679 2 4 678 127
cam_06 2619 1 4 148 567
cam_06 2568 1 4 469 441
cam_06 2635 2 2 751 175
cam_06 2755 2 2 666 123
cam_06 2653 1 4 81 529
cam_06 2694 1 4 327 579
cam_06 2675 1 1 179 489
cam_06 2763 1 4 147 555
cam_06 2731 2 2 744 172
cam_06 2769 2 4 702 179
cam_06 2857 2 4 695 124
cam_06 2818 1 1 80 489
cam_06 2773 1 1 146 439
cam_06 2801 1 1 79 508
cam_06 2776 1 1 71 507
cam_06 2821 1 1 152 510
cam_06 2831 1 1 92 492
cam_06 2946 2 4 700 177
cam_06 2836 1 1 269 501
cam_06 2909 1 4 401 582
cam_06 2862 1 1 86 445
cam_06 2862 1 1 157 489
cam_06 2873 1 1 118 492
cam_06 2883 1 1 294 499
cam_06 2911 1 3 120 579
cam_06 2897 1 1 74 494
cam_06 3285 2 4 663 112
cam_06 2896 1 1 171 485
cam_06 2916 1 1 66 492
cam_06 2979 1 4 348 562
cam_06 2937 1 1 130 466
cam_06 3073 1 4 255 576
cam_06 3001 1 1 125 522
cam_06 3005 1 1 243 507
cam_06 3004 1 1 281 462
cam_06 2993 1 1 323 477
cam_06 3039 1 2 269 532
cam_06 3049 1 2 276 558
cam_06 3120 1 4 239 576
cam_06 3108 1 4 434 520
cam_06 3172 1 1 119 487
cam_06 3195 1 2 426 519
cam_06 3174 1 4 95 532
cam_06 3192 1 1 216 502
cam_06 3240 2 2 726 140
cam_06 3256 2 1 775 175
cam_06 3286 2 1 788 174
cam_06 3286 2 2 738 173
cam_06 3553 2 4 677 135
cam_06 3456 2 1 765 175
cam_06 3435 1 1 411 420
cam_06 3664 2 4 680 134
cam_06 3696 2 2 689 159
cam_06 3702 2 2 728 141
cam_06 3751 2 4 663 146
cam_06 3690 2 1 790 176
cam_06 3726 1 2 434 522
cam_06 3725 1 1 17 509
cam_06 3723 1 1 210 479
cam_06 3721 1 1 115 408
cam_06 3756 1 2 357 538
cam_06 3745 2 1 724 155
cam_06 3767 1 2 448 510
cam_06 3767 1 1 72 538
cam_06 3781 1 1 52 509
cam_06 3813 1 2 407 571
cam_06 3791 1 2 178 567
cam_06 3793 2 1 769 170
cam_06 3819 1 2 220 537
cam_06 3879 2 4 683 119
cam_06 3834 1 1 26 506
cam_06 3899 1 4 243 570
cam_06 3843 1 2 322 561
cam_06 3957 2 4 684 122
cam_06 4005 1 4 292 568
cam_06 3991 1 2 147 551
cam_06 3990 2 1 772 171
cam_06 4006 2 4 682 163
cam_06 4019 1 4 110 572
cam_06 4039 1 1 99 506
cam_06 4036 2 1 749 171
cam_06 4054 2 2 728 161
cam_06 4031 1 1 122 506
cam_06 4031 1 1 283 477
cam_06 4084 2 2 721 149
cam_06 4072 1 1 302 445
cam_06 4071 1 1 215 450
cam_06 4089 2 1 778 176
cam_06 4123 2 4 680 153
cam_06 4126 1 1 71 482
cam_06 4187 1 4 249 551
cam_06 4155 2 2 671 145
cam_06 4183 2 4 682 151
cam_06 4176 1 1 92 488
cam_06 4240 2 2 675 147
cam_06 4210 1 1 10 411
cam_06 4243 1 4 272 477
cam_06 4178 1 2 169 506
cam_06 4234 2 1 704 171
cam_06 4201 1 1 157 459
cam_06 4297 2 2 718 153
cam_06 4273 2 1 740 160
cam_06 4445 2 4 677 122
cam_06 4341 2 2 757 168
cam_06 4402 2 4 709 179
cam_06 4543 2 4 681 138
cam_06 4494 1 4 334 581
cam_06 4593 2 1 766 154
cam_06 4675 2 2 669 117
cam_06 4568 1 2 425 555
cam_06 4646 1 3 203 575
cam_06 4595 1 1 73 496
cam_06 4590 1 2 227 527
cam_06 4616 1 1 241 498
cam_06 4616 1 1 137 495
cam_06 4624 1 1 125 488
cam_06 4641 1 1 98 484
cam_06 4608 1 1 141 444
cam_06 4658 1 3 392 576
cam_06 4659 1 1 67 509
cam_06 4650 1 1 112 479
cam_06 4633 1 4 436 527
cam_06 4664 1 2 269 531
cam_06 4686 1 2 376 570
cam_06 4664 1 1 132 488
cam_06 4683 1 1 82 481
cam_06 4654 1 1 242 468
cam_06 4692 2 1 686 167
cam_06 4683 1 1 179 502
cam_06 4716 2 2 737 158
cam_06 4697 1 1 70 502
cam_06 4734 1 1 225 423
cam_06 4742 1 4 229 577
cam_06 4800 2 4 672 130
cam_06 4790 1 1 142 484
cam_06 4800 2 2 722 142
cam_06 4846 1 4 118 586
cam_06 4816 1 1 177 474
cam_06 4911 2 4 718 127
cam_06 4914 1 1 207 513
cam_06 4943 2 3 659 132
cam_06 5727 1 4 25 526
cam_06 4944 2 1 768 172
cam_06 4954 2 1 747 173
cam_06 4971 1 2 442 492
cam_06 5015 2 4 665 127
cam_06 5030 1 4 323 564
cam_06 5056 2 4 667 128
cam_06 5057 1 4 312 582
cam_06 5079 2 4 682 144
cam_06 5085 2 1 786 171
cam_06 5314 2 4 669 122
cam_06 5121 2 1 743 177
cam_06 5178 1 4 334 575
cam_06 5151 2 1 784 164
cam_06 5245 2 2 720 140
cam_06 5311 1 4 281 579
cam_06 5412 2 4 667 125
cam_06 5298 1 1 182 499
cam_06 5311 1 1 114 497
cam_06 5399 2 2 716 128
cam_06 5506 2 4 675 126
cam_06 5392 1 1 210 486
cam_06 5472 2 2 718 146
cam_06 5434 1 2 237 555
cam_06 5445 2 1 778 169
cam_06 5422 1 1 185 482
cam_06 5476 2 1 770 171
cam_06 5480 1 1 225 501
cam_06 5486 1 1 246 507
cam_06 5485 1 1 382 453
cam_06 5516 1 1 190 501
cam_06 5494 1 1 247 446
cam_06 5534 1 2 415 527
cam_06 5483 1 1 415 486
cam_06 5522 1 1 204 491
cam_06 5503 1 1 310 405
cam_06 5528 1 1 149 485
cam_06 5536 1 1 219 459
cam_06 5552 1 1 317 518
cam_06 5541 1 1 360 477
cam_06 5553 1 1 180 477
cam_06 5573 1 2 405 549
cam_06 5571 1 1 216 503
cam_06 5556 1 1 233 479
cam_06 5559 1 1 262 501
cam_06 5575 2 4 674 138
cam_06 5610 2 2 731 139
cam_06 5584 1 1 164 496
cam_06 5566 1 1 199 504
cam_06 5576 1 1 177 500
cam_06 5604 1 1 169 509
cam_06 5635 2 1 716 170
cam_06 5638 1 1 156 540
cam_06 5676 1 1 199 489
cam_06 5693 2 4 668 123
cam_06 5743 2 1 703 171
cam_06 5760 2 2 733 145
cam_06 5764 1 1 196 486
cam_06 5750 1 1 271 488
cam_06 5773 2 1 753 177
cam_06 5785 2 2 689 146
cam_06 5787 2 2 666 165
cam_06 5771 1 1 252 495
cam_06 5814 1 4 262 572
cam_06 5817 2 1 710 167
cam_06 5825 1 1 86 511
cam_06 5860 1 1 177 460
cam_06 5910 2 4 657 127
cam_06 5900 1 2 320 552
cam_06 5927 2 4 708 116
cam_06 5915 1 4 340 558
cam_06 5950 2 2 718 146
cam_06 5979 2 2 670 138
cam_06 5968 1 1 101 503
cam_06 6040 2 4 677 134
cam_06 6030 1 4 221 528
cam_06 6054 1 1 81 503
cam_06 6078 2 2 678 142
cam_06 6106 1 4 243 570
cam_06 6157 2 4 690 161
cam_06 6249 2 2 682 167
cam_06 6181 2 1 756 167
cam_06 6192 1 2 395 556
cam_06 6260 1 4 263 578
cam_06 6486 2 2 696 116
cam_06 6366 1 2 383 555
cam_06 6427 1 4 275 574
cam_06 6541 2 4 691 129
cam_06 6354 1 1 334 510
cam_06 6376 1 1 220 477
cam_06 6393 1 1 92 503
cam_06 6394 1 1 208 492
cam_06 6411 1 1 171 442
cam_06 6413 1 1 245 484
cam_06 6440 1 3 154 563
cam_06 6423 1 1 148 497
cam_06 6455 1 1 229 506
cam_06 6470 1 2 385 554
cam_06 6449 1 1 187 487
cam_06 6463 1 1 56 506
cam_06 6477 1 1 168 486
cam_06 6443 1 1 281 503
cam_06 6473 1 1 125 497
cam_06 6444 1 1 174 469
cam_06 6475 1 1 244 411
cam_06 6517 1 1 88 508
cam_06 6579 1 4 329 581
cam_06 6612 1 4 107 574
cam_06 6628 1 4 311 559
cam_06 6568 1 1 122 501
cam_06 6573 2 1 748 168
cam_06 6580 1 1 96 509
cam_06 6587 1 2 168 576
cam_06 6577 1 1 81 505
cam_06 6606 2 1 781 168
cam_06 6619 1 1 116 497
cam_06 6654 1 3 248 571
cam_06 6648 1 1 145 454
cam_06 6668 1 1 82 496
cam_06 6666 2 2 682 152
cam_06 6756 1 4 358 584
cam_06 6734 1 4 154 563
cam_06 6729 2 1 744 177
cam_06 6760 2 2 679 156
cam_06 6750 1 1 217 414
cam_06 6770 1 1 43 500
cam_06 6801 1 2 446 541
cam_06 6762 1 4 339 573
cam_06 6798 1 1 199 436
cam_06 6804 2 1 746 165
cam_06 6816 1 4 162 574
cam_06 7432 2 2 746 141
cam_06 6850 2 2 732 150
cam_06 6868 1 4 342 575
cam_06 6876 2 2 675 140
cam_06 6881 2 2 720 130
cam_06 6882 2 2 677 160
cam_06 6894 1 2 193 568
cam_06 6909 2 4 734 146
cam_06 6920 1 2 230 522
cam_06 6915 2 4 675 154
cam_06 6918 1 2 425 528
cam_06 6906 1 1 266 449
cam_06 6958 2 4 681 148
cam_06 6916 1 1 151 439
cam_06 6930 1 1 164 509
cam_06 6933 1 1 244 507
cam_06 7035 2 2 730 146
cam_06 6938 1 1 99 499
cam_06 6960 1 4 348 566
cam_06 6978 2 1 803 175
cam_06 7027 2 1 773 159
cam_06 7002 1 1 74 488
cam_06 6985 1 1 199 500
cam_06 7072 2 2 733 152
cam_06 7032 1 1 119 503
cam_06 7326 2 2 673 123
cam_06 7247 1 4 284 572
cam_06 7245 1 1 232 411
cam_06 7345 2 2 689 158
cam_06 7300 1 1 205 512
cam_06 7314 1 2 438 553
cam_06 7320 1 2 236 532
cam_06 7309 1 1 193 506
cam_06 7306 1 1 266 420
cam_06 7338 1 2 425 544
cam_06 7322 1 1 112 454
cam_06 7305 1 1 138 509
cam_06 7418 2 4 657 126
cam_06 7350 1 1 86 487
cam_06 7344 1 1 255 405
cam_06 7405 2 2 714 140
cam_06 7391 1 4 348 571
cam_06 7374 2 1 758 151
cam_06 7359 1 1 270 437
cam_06 7361 1 1 110 499
cam_06 7369 1 1 233 480
cam_06 7380 1 1 177 407
cam_06 7411 2 1 782 178
cam_06 7382 1 1 82 485
cam_06 7398 1 1 98 481
cam_06 7443 1 4 320 570
cam_06 7459 1 2 375 574
cam_06 7461 2 1 775 173
cam_06 7479 1 4 99 562
cam_06 7539 2 2 659 146
cam_06 7674 2 4 654 130
cam_06 7682 2 2 711 138
cam_06 7729 1 4 140 575
cam_06 7695 2 2 711 140
cam_06 7679 1 1 244 503
cam_06 7678 2 1 745 149
cam_06 7685 1 1 254 521
cam_06 7703 1 2 451 514
cam_06 7689 1 1 260 460
cam_06 7714 1 1 419 489
cam_06 7771 2 4 669 128
cam_06 7823 2 3 725 126
cam_06 7845 2 4 673 127
cam_06 7818 2 1 783 172
cam_06 7857 2 2 661 163
cam_06 7861 2 2 763 176
cam_06 7891 2 2 738 161
cam_06 7899 1 4 355 566
cam_06 7899 2 2 683 177
cam_06 7959 2 4 684 162
cam_06 7909 2 1 794 174
cam_06 7888 2 1 785 169
cam_06 7920 1 4 373 575
cam_06 7902 1 1 160 427
cam_06 7927 1 1 150 504
cam_06 7939 1 1 217 411
cam_06 7945 1 1 328 496
cam_06 8221 2 4 667 118
cam_06 8026 1 4 98 579
cam_06 7941 1 1 160 445
cam_06 8076 2 2 772 179
cam_06 8032 2 1 795 168
cam_06 8270 2 4 665 129
cam_06 8004 1 1 182 510
cam_06 8071 1 4 318 579
cam_06 8044 1 1 132 496
cam_06 8203 2 2 723 148
cam_06 8070 1 1 117 471
cam_06 8218 2 2 737 155
cam_06 8334 2 4 671 122
cam_06 8166 1 4 296 561
cam_06 8199 2 1 784 165
cam_06 8194 1 2 202 556
cam_06 8192 1 1 97 507
cam_06 8208 1 2 417 527
cam_06 8213 1 1 76 489
cam_06 8320 2 2 680 160
cam_06 8235 1 1 35 499
cam_06 8241 1 1 172 420
cam_06 8238 1 1 262 408
cam_06 8254 1 1 137 457
cam_06 8312 1 2 414 548
cam_06 8245 1 1 149 410
cam_06 8247 1 1 108 434
cam_06 8290 1 1 30 511
cam_06 8298 1 1 118 483
cam_06 8334 1 2 245 506
cam_06 8328 1 2 417 561
cam_06 8304 1 1 64 497
cam_06 8385 2 4 690 122
cam_06 8351 1 2 192 547
cam_06 8357 1 2 446 544
cam_06 8346 1 1 132 450
cam_06 8385 1 2 386 543
cam_06 8367 2 2 764 174
cam_06 8416 2 4 682 118
cam_06 8374 2 1 786 163
cam_06 8385 1 1 228 409
cam_06 8388 1 1 163 480
cam_06 8455 2 4 712 133
cam_06 8419 1 1 210 491
cam_06 8449 2 2 745 177
cam_06 8428 1 1 184 419
cam_06 8499 2 4 671 131
cam_06 8493 2 4 724 130
cam_06 8451 1 1 32 504
cam_06 8493 1 4 193 573
cam_06 8503 2 2 749 172
cam_06 8506 1 1 152 433
cam_06 8601 1 4 225 574
cam_06 8611 2 2 666 118
cam_06 8565 1 1 148 452
cam_06 8646 2 1 775 155
cam_06 8617 1 4 80 535
cam_06 8656 2 2 712 143
cam_06 8700 2 4 677 133
cam_06 8688 2 2 730 148
cam_06 8770 2 2 666 104
cam_06 8731 2 1 785 168
cam_06 8770 2 2 723 139
cam_06 8733 1 1 203 485
cam_06 8727 1 1 175 529
cam_06 8759 1 1 179 513
cam_06 8731 1 1 110 503
cam_06 8793 1 1 50 503
cam_06 8832 2 2 740 161
cam_06 8801 1 1 164 487
cam_06 8904 2 4 667 131
cam_06 8911 2 2 726 149
cam_06 8881 2 2 677 171
cam_06 8875 2 1 786 165
cam_06 8935 2 2 679 165
cam_06 8904 2 1 784 159
cam_06 9031 2 2 681 160
cam_06 8955 1 2 370 534
cam_06 8994 1 4 272 567
cam_06 9009 1 1 118 493
cam_06 9072 2 4 695 175
cam_06 9163 2 4 733 131
cam_06 9049 2 1 766 163
cam_06 9047 1 2 158 572
cam_06 9072 2 2 727 148
cam_06 9082 2 2 728 153
cam_06 9114 2 2 667 155
cam_06 9105 2 4 750 167
cam_06 9196 2 4 667 119
cam_06 9106 1 1 277 454
cam_06 9117 1 1 236 438
cam_06 9105 1 1 190 463
cam_06 9168 1 4 121 551
cam_06 9104 1 1 320 463
cam_06 9141 1 1 102 508
cam_06 9130 1 1 69 507
cam_06 9129 1 1 286 425
cam_06 9190 1 4 254 574
cam_06 9180 1 2 279 429
cam_06 9269 2 2 674 120
cam_06 9217 1 4 277 578
cam_06 9177 1 1 123 496
cam_06 9179 1 1 31 498
cam_06 9221 1 2 233 523
cam_06 9172 1 1 149 494
cam_06 9212 2 1 784 177
cam_06 9242 1 2 179 547
cam_06 9250 1 4 382 581
cam_06 9256 2 2 737 166
cam_06 9297 1 4 84 578
cam_06 9282 2 1 744 151
cam_06 9333 2 4 671 118
cam_06 9313 1 1 86 501
cam_06 9299 1 1 286 500
cam_06 9404 1 4 240 562
cam_06 9357 2 1 777 175
cam_06 9331 1 1 184 454
cam_06 9357 2 1 721 150
cam_06 9435 2 2 683 116
cam_06 9395 1 1 69 501
cam_06 9424 1 4 299 589
cam_06 9417 1 2 116 569
cam_06 9437 1 4 115 561
cam_06 9453 1 4 200 571
cam_06 9498 2 1 729 169
cam_06 9459 1 1 146 491
cam_06 9457 1 1 102 442
cam_06 9467 1 1 226 506
cam_06 9509 1 4 283 559
cam_06 9443 1 1 64 490
cam_06 9466 1 1 100 501
cam_06 9471 1 1 78 483
cam_06 9470 1 1 209 480
cam_06 9507 1 1 20 496
cam_06 9564 2 1 751 169
cam_06 9589 2 2 654 138
cam_06 9568 2 1 773 178
cam_06 9604 2 1 789 178
cam_06 9600 2 1 766 170
cam_06 9612 2 2 724 171
cam_06 9621 1 2 389 546
cam_06 9712 2 2 680 176
cam_06 9666 2 2 730 159
cam_06 9660 2 1 776 173
cam_06 9673 2 1 777 173
cam_06 9693 1 1 70 489
cam_06 9729 1 1 138 484
cam_06 9789 2 2 734 154
cam_06 9812 1 1 177 496
cam_06 9851 1 2 311 578
cam_06 9841 1 1 127 488
cam_06 9960 2 4 705 133
cam_06 9843 1 1 255 465
cam_06 10126 2 4 669 126
cam_06 9942 1 1 301 409
cam_06 10019 1 2 403 564
cam_06 10025 1 1 144 491
cam_06 10019 1 1 105 492
cam_06 10067 1 4 368 569
cam_06 10031 1 1 263 489
cam_06 10026 1 1 30 500
cam_06 10072 1 4 91 575
cam_06 10110 1 4 274 582
cam_06 10171 2 4 700 120
cam_06 10099 1 1 91 473
cam_06 10118 1 1 91 478
cam_06 10135 1 4 322 516
cam_06 10143 1 1 118 485
cam_06 10161 1 2 219 560
cam_06 10150 1 2 385 569
cam_06 10154 1 1 189 504
cam_06 10147 1 1 214 446
cam_06 10164 1 1 172 480
cam_06 10171 1 1 201 512
cam_06 10156 1 1 145 416
cam_06 10147 1 1 40 490
cam_06 10154 1 1 127 491
cam_06 10160 1 1 134 490
cam_06 10158 1 1 113 418
cam_06 10179 1 1 82 480
cam_06 10176 1 1 221 500
cam_06 10171 1 1 107 497
cam_06 10245 1 4 304 576
cam_06 10224 1 2 192 530
cam_06 10236 1 4 158 575
cam_06 10233 1 1 172 416
cam_06 10271 1 2 449 547
cam_06 10264 1 2 180 561
cam_06 10323 1 4 367 567
cam_06 10290 1 1 105 501
cam_06 10332 1 1 100 490
cam_06 10361 2 2 667 126
cam_06 10365 1 4 398 576
cam_06 10357 2 2 719 139
cam_06 10350 1 2 271 495
cam_06 10410 1 4 258 554
cam_06 10384 2 2 723 145
cam_06 10357 1 1 267 401
cam_06 10370 1 1 121 490
cam_06 10377 1 1 95 508
cam_06 10357 1 1 375 424
cam_06 10390 1 1 220 478
cam_06 10450 1 4 239 566
cam_06 10435 2 2 677 162
cam_06 10464 2 1 761 175
cam_06 10489 1 1 34 495
cam_06 10531 1 1 178 423
cam_06 10548 2 1 775 167
cam_06 10558 1 1 168 449
cam_06 10600 1 2 347 578
cam_06 10620 1 4 329 566
cam_06 10636 2 2 673 157
cam_06 10617 1 1 74 502
cam_06 10660 1 1 218 425
cam_06 10667 1 1 127 490
cam_06 10723 1 2 200 549
cam_06 10785 2 1 776 174
cam_06 10785 1 1 144 497
cam_06 10851 2 4 668 160
cam_06 10890 2 4 699 125
cam_06 10862 1 1 104 492
cam_06 10870 1 1 170 413
cam_06 10897 1 2 385 571
cam_06 10921 1 4 333 579
cam_06 10899 1 1 68 508
cam_06 10875 1 1 170 493
cam_06 10916 1 1 132 488
cam_06 10939 1 2 388 577
cam_06 10980 2 4 675 151
cam_06 10945 1 1 158 428
cam_06 10960 1 1 234 484
cam_06 10956 1 1 53 499
cam_06 12805 2 3 699 140
cam_06 10973 1 4 236 564
cam_06 11010 1 4 349 568
cam_06 10981 1 4 421 573
cam_06 11028 1 1 103 459
cam_06 11043 2 1 735 167
cam_06 11058 2 4 680 177
cam_06 11084 1 1 86 510
cam_06 11113 2 1 742 178
cam_06 11121 1 4 309 574
cam_06 11145 1 1 12 500
cam_06 11135 1 1 39 503
cam_06 11178 1 4 352 493
cam_06 11161 1 1 186 501
cam_06 11170 1 1 197 481
cam_06 11167 1 1 127 487
cam_06 11190 2 2 742 168
cam_06 11200 2 3 691 152
cam_06 11228 1 1 79 511
cam_06 11277 1 4 326 578
cam_06 11226 1 1 232 477
cam_06 11280 2 4 674 158
cam_06 11351 2 4 653 116
cam_06 11290 1 1 140 437
cam_06 11319 1 3 290 563
cam_06 11338 1 1 188 442
cam_06 11355 1 1 207 421
cam_06 11441 2 4 671 122
cam_06 11382 1 2 304 442
cam_06 11355 1 4 311 582
cam_06 11376 2 1 777 179
cam_06 11366 1 1 144 505
cam_06 11362 1 1 107 451
cam_06 11360 1 1 182 505
cam_06 11393 2 4 757 155
cam_06 11434 1 4 212 497
cam_06 11403 1 4 387 545
cam_06 11415 1 1 133 501
cam_06 11416 1 1 59 462
cam_06 11452 1 1 144 474
cam_06 11471 1 1 94 519
cam_06 11484 2 4 671 116
cam_06 11455 1 4 212 579
cam_06 11460 1 1 115 447
cam_06 11524 1 2 297 451
cam_06 11574 1 2 227 545
cam_06 11558 1 2 462 516
cam_06 11546 1 1 57 499
cam_06 11553 1 1 119 471
cam_06 11619 1 4 424 546
cam_06 11604 2 4 671 119
cam_06 11597 1 2 222 551
cam_06 11672 1 4 300 512
cam_06 11591 1 1 88 481
cam_06 11628 1 2 128 582
cam_06 11617 1 1 28 495
cam_06 11634 1 2 283 505
cam_06 11682 2 4 673 145
cam_06 11640 1 1 92 483
cam_06 11672 1 4 70 501
cam_06 11682 1 4 389 562
cam_06 11675 2 1 755 179
cam_06 11680 1 1 210 504
cam_06 11733 1 4 310 575
cam_06 11701 1 1 231 480
cam_06 11706 1 1 99 458
cam_06 11719 2 1 753 170
cam_06 11737 1 1 316 405
cam_06 11735 1 1 119 508
cam_06 11742 1 4 206 563
cam_06 11772 2 3 723 128
cam_06 11786 1 4 191 576
cam_06 11794 2 4 676 150
cam_06 11869 2 3 726 139
cam_06 11814 1 1 216 475
cam_06 11871 2 3 660 127
cam_06 11926 2 4 662 138
cam_06 11898 2 1 738 170
cam_06 11909 1 2 340 550
cam_06 11942 1 1 204 502
cam_06 11959 1 1 169 453
cam_06 11945 1 1 216 495
cam_06 11952 1 1 52 478
cam_06 11952 1 1 152 498
cam_06 11952 1 2 435 538
cam_06 11958 1 1 176 510
cam_06 11956 1 1 327 456
cam_06 11959 2 4 678 143
cam_06 11949 1 1 296 507
cam_06 12010 1 4 381 460
cam_06 11958 1 1 224 465
cam_06 11969 1 3 352 553
cam_06 11977 1 4 94 575
cam_06 12010 2 4 676 145
cam_06 11965 1 1 70 503
cam_06 12010 2 4 728 133
cam_06 12029 1 2 185 564
cam_06 12087 2 2 676 136
cam_06 12102 1 2 187 551
cam_06 12156 2 4 668 127
cam_06 12172 2 2 726 137
cam_06 12171 2 1 772 172
cam_06 12198 2 1 718 163
cam_06 12202 1 1 219 426
cam_06 12203 1 2 427 531
cam_06 12223 1 1 140 461
cam_06 12210 1 1 197 450
cam_06 12279 2 4 683 153
cam_06 12219 1 1 297 416
cam_06 12270 1 4 383 576
cam_06 12234 1 1 106 499
cam_06 12613 2 4 710 122
cam_06 12273 1 4 130 580
cam_06 12286 1 1 74 500
cam_06 12329 1 4 365 579
cam_06 12343 1 4 268 580
cam_06 12360 2 1 785 174
cam_06 12365 1 1 243 508
cam_06 12487 2 4 679 166
cam_06 12586 2 2 662 147
cam_06 12472 1 2 422 551
cam_06 12489 1 4 232 564
cam_06 12690 2 4 663 136
cam_06 12473 1 3 396 552
cam_06 12649 2 4 702 120
cam_06 12564 1 1 224 449
cam_06 12589 1 2 403 535
cam_06 12594 1 1 126 427
cam_06 12653 1 3 343 574
cam_06 12604 1 1 298 519
cam_06 12607 1 1 281 452
cam_06 12603 1 1 127 454
cam_06 12590 1 1 60 515
cam_06 12613 1 1 204 412
cam_06 12601 1 1 169 422
cam_06 12601 1 1 281 423
cam_06 12639 1 1 292 429
cam_06 12646 1 1 90 464
cam_06 12650 1 2 212 516
cam_06 12671 1 2 435 535
cam_06 12658 1 1 252 418
cam_06 12660 1 1 232 443
cam_06 12660 1 1 168 488
cam_06 12671 1 1 240 489
cam_06 12693 1 2 275 534
cam_06 12677 1 1 210 507
cam_06 12684 1 1 39 495
cam_06 12724 2 2 727 154
cam_06 12682 1 1 336 502
cam_06 12694 1 1 256 414
cam_06 12694 1 1 147 474
cam_06 12726 2 2 675 168
cam_06 12716 1 1 145 497
cam_06 12701 1 1 87 497
cam_06 12703 1 1 208 501
cam_06 12747 1 4 185 564
cam_06 12795 1 4 140 584
cam_06 12784 1 1 158 408
cam_06 12822 2 2 757 174
cam_06 12807 1 4 293 579
cam_06 12855 1 4 225 577
cam_06 12801 1 1 191 430
cam_06 12813 1 1 110 480
cam_06 12795 1 4 496 438
cam_06 12834 1 1 80 525
cam_06 12822 1 1 144 430
cam_06 12811 1 1 265 441
cam_06 12858 2 1 741 174
cam_06 12879 1 4 360 564
cam_06 12923 1 4 235 553
cam_06 12871 1 1 138 479
cam_06 12887 2 4 727 177
cam_06 12888 2 1 724 172
cam_06 12894 1 1 186 420
cam_06 12951 1 4 315 551
cam_06 12942 2 1 744 163
cam_06 12941 1 2 143 541
cam_06 12957 1 1 171 451
cam_06 12966 1 2 476 427
cam_06 13041 2 3 722 145
cam_06 13069 2 4 656 153
cam_06 13060 2 2 748 172
cam_06 13044 1 2 422 536
cam_06 13059 1 4 289 555
cam_06 13116 1 1 368 419
cam_06 13126 2 1 777 151
cam_06 13118 1 1 190 507
cam_06 13104 1 1 190 489
cam_06 13109 1 1 214 503
cam_06 13114 1 2 427 548
cam_06 13119 1 1 97 499
cam_06 13125 1 2 424 572
cam_06 13125 1 2 225 517
cam_06 13176 1 3 135 498
cam_06 13155 2 4 666 150
cam_06 13162 1 1 321 440
cam_06 13163 1 1 260 506
cam_06 13161 1 1 509 406
cam_06 13174 1 2 400 569
cam_06 13203 1 4 219 570
cam_06 13201 1 1 39 491
cam_06 13234 1 4 334 503
cam_06 13226 1 1 176 493
cam_06 13222 1 1 120 501
cam_06 13273 1 1 158 507
cam_06 13335 2 4 672 126
cam_06 13344 1 1 310 403
cam_06 13357 1 1 204 401
cam_06 13347 1 1 248 493
cam_06 13356 1 1 119 492
cam_06 13402 2 4 686 153
cam_06 13374 1 4 370 543
cam_06 13388 1 1 40 514
cam_06 13413 1 4 408 460
cam_06 13410 1 1 139 437
cam_06 13442 1 1 26 496
cam_06 13419 1 4 348 540
cam_06 13485 1 4 301 538
