cam_02 48 2 2 694 209
cam_02 51 1 1 9 442
cam_02 124 2 3 771 197
cam_02 9 1 1 17 390
cam_02 33 2 1 893 225
cam_02 64 2 1 906 226
cam_02 168 2 2 704 211
cam_02 34 1 1 161 422
cam_02 174 2 2 780 217
cam_02 132 2 1 901 227
cam_02 144 2 1 906 228
cam_02 185 2 1 894 226
cam_02 276 2 4 683 259
cam_02 208 2 1 905 225
cam_02 268 2 3 758 206
cam_02 375 1 4 174 555
cam_02 282 2 2 772 239
cam_02 393 2 2 680 195
cam_02 348 2 4 771 200
cam_02 452 2 3 778 199
cam_02 467 2 4 667 201
cam_02 475 1 1 11 395
cam_02 544 2 2 685 184
cam_02 459 2 1 911 225
cam_02 486 1 1 21 432
cam_02 570 2 2 778 216
cam_02 535 2 2 769 218
cam_02 624 2 2 772 212
cam_02 661 2 2 751 216
cam_02 714 2 2 678 212
cam_02 630 2 1 905 227
cam_02 694 2 2 769 219
cam_02 666 1 1 14 391
cam_02 726 2 2 767 215
cam_02 698 2 1 904 226
cam_02 721 1 1 18 390
cam_02 741 2 1 903 226
cam_02 735 1 1 36 408
cam_02 860 2 4 677 187
cam_02 768 1 1 38 357
cam_02 778 1 3 55 587
cam_02 771 1 1 30 389
cam_02 814 1 1 11 400
cam_02 855 2 2 775 216
cam_02 933 2 2 704 200
cam_02 840 1 1 32 382
cam_02 894 2 2 769 219
cam_02 853 2 1 898 226
cam_02 975 2 4 777 204
cam_02 967 1 4 44 545
cam_02 1074 2 2 681 191
cam_02 967 1 2 288 584
cam_02 951 2 1 905 228
cam_02 968 2 1 893 228
cam_02 1052 2 2 780 219
cam_02 976 2 1 911 226
cam_02 1001 2 1 894 225
cam_02 1014 2 2 774 219
cam_02 1091 2 2 769 217
cam_02 1199 2 2 676 186
cam_02 1077 2 1 905 226
cam_02 1080 1 1 21 422
cam_02 1167 2 2 783 221
cam_02 1153 1 2 74 573
cam_02 1209 2 2 761 217
cam_02 1254 2 2 684 214
cam_02 1269 2 2 760 217
cam_02 1288 2 2 672 218
cam_02 1332 2 2 763 218
cam_02 1338 2 2 671 211
cam_02 1375 2 2 757 220
cam_02 1479 1 3 26 432
cam_02 1445 2 4 663 199
cam_02 1430 2 2 775 217
cam_02 1444 1 4 223 547
cam_02 1389 1 1 20 427
cam_02 1398 2 1 898 228
cam_02 1423 2 1 902 226
cam_02 1498 2 2 770 214
cam_02 1542 2 2 698 213
cam_02 1492 1 1 20 422
cam_02 1487 2 1 909 228
cam_02 1624 1 4 279 491
cam_02 1583 2 4 767 207
cam_02 1515 2 1 875 224
cam_02 1569 1 1 38 373
cam_02 1541 2 1 906 224
cam_02 1623 2 2 780 219
cam_02 1795 1 4 89 553
cam_02 1659 2 2 759 219
cam_02 1663 1 1 30 386
cam_02 1622 2 1 904 228
cam_02 1790 2 4 678 205
cam_02 1701 2 2 736 220
cam_02 1650 2 1 903 227
cam_02 1790 2 2 785 190
cam_02 1641 1 4 201 572
cam_02 1834 2 2 669 213
cam_02 1844 2 2 767 216
cam_02 1749 1 2 34 446
cam_02 1872 2 2 662 218
cam_02 1957 2 4 788 189
cam_02 1816 1 1 16 412
cam_02 1804 1 1 26 400
cam_02 1984 2 2 677 199
cam_02 1884 1 1 25 389
cam_02 1877 2 1 893 230
cam_02 1906 1 1 61 424
cam_02 2076 2 3 752 190
cam_02 1957 1 1 17 445
cam_02 1966 2 1 948 263
cam_02 2034 2 3 798 198
cam_02 2086 2 2 766 243
cam_02 1993 1 1 39 384
cam_02 2103 1 2 298 551
cam_02 2120 2 4 684 208
cam_02 2048 2 1 900 226
cam_02 2139 2 4 780 212
cam_02 2064 2 1 907 223
cam_02 2101 1 1 20 451
cam_02 2142 1 1 76 397
cam_02 2173 2 1 908 237
cam_02 2348 2 4 696 182
cam_02 2272 2 4 775 214
cam_02 2193 2 1 896 224
cam_02 2160 1 1 35 443
cam_02 2218 2 1 903 226
cam_02 2253 2 1 901 225
cam_02 2334 2 4 686 232
cam_02 2376 2 3 791 208
cam_02 2412 2 2 766 223
cam_02 2307 1 1 95 418
cam_02 2475 2 2 771 216
cam_02 2423 1 4 225 577
cam_02 2329 1 1 45 385
cam_02 2373 2 1 914 227
cam_02 2479 2 2 665 211
cam_02 2444 1 2 75 585
cam_02 2393 2 1 888 228
cam_02 2411 2 1 897 227
cam_02 2538 2 2 673 213
cam_02 2561 2 2 779 207
cam_02 2538 1 1 27 446
cam_02 2577 2 2 698 213
cam_02 2550 2 1 883 224
cam_02 2609 2 4 785 209
cam_02 2636 2 4 685 198
cam_02 2621 2 1 901 227
cam_02 2690 2 2 761 219
cam_02 2697 2 2 674 214
cam_02 2732 2 2 676 214
cam_02 2718 2 2 770 225
cam_02 2802 2 2 691 213
cam_02 2762 2 2 757 218
cam_02 2673 2 1 887 227
cam_02 2817 2 2 764 218
cam_02 2802 1 2 359 581
cam_02 2834 2 2 672 221
cam_02 2874 2 2 759 218
cam_02 2803 1 3 42 451
cam_02 2890 2 2 668 209
cam_02 2793 2 1 904 225
cam_02 2896 2 2 766 243
cam_02 2894 1 4 157 558
cam_02 2938 2 2 659 211
cam_02 2817 1 1 15 385
cam_02 2990 2 3 768 196
cam_02 3038 2 2 660 190
cam_02 3036 2 4 771 212
cam_02 2930 2 1 893 226
cam_02 3066 2 2 774 220
cam_02 2981 2 1 897 229
cam_02 2993 2 1 903 224
cam_02 3106 2 2 777 219
cam_02 3087 2 2 714 214
cam_02 3036 2 1 904 235
cam_02 3125 2 2 755 222
cam_02 3140 2 2 670 212
cam_02 3193 1 4 120 553
cam_02 3166 2 2 750 215
cam_02 3069 1 1 37 409
cam_02 3116 1 2 43 568
cam_02 3171 2 2 658 214
cam_02 3234 2 2 777 198
cam_02 3215 2 2 662 213
cam_02 3265 2 2 666 214
cam_02 3250 1 1 30 447
cam_02 3330 2 2 686 216
cam_02 3331 2 2 773 217
cam_02 3367 1 4 122 494
cam_02 3298 1 1 19 406
cam_02 3317 2 1 909 228
cam_02 3358 1 1 39 382
cam_02 3413 2 3 775 190
cam_02 3423 1 4 100 555
cam_02 3468 2 2 670 210
cam_02 3369 1 4 73 574
cam_02 3391 1 4 59 569
cam_02 3405 2 1 899 227
cam_02 3396 1 1 15 416
cam_02 3456 2 2 772 217
cam_02 3474 1 1 54 511
cam_02 3506 2 2 763 215
cam_02 3474 2 1 904 228
cam_02 3467 1 1 152 503
cam_02 3521 1 1 33 524
cam_02 3514 1 1 25 444
cam_02 3550 2 4 766 214
cam_02 3591 2 2 766 215
cam_02 3554 2 1 908 226
cam_02 3647 1 4 249 586
cam_02 3626 2 2 743 213
cam_02 3717 2 4 678 206
cam_02 3714 2 4 785 188
cam_02 3779 2 2 688 205
cam_02 3694 1 1 20 433
cam_02 3882 2 2 778 215
cam_02 3864 1 1 42 408
cam_02 3998 2 2 770 213
cam_02 3893 2 2 670 213
cam_02 3936 1 1 5 403
cam_02 3948 1 1 76 368
cam_02 4115 2 2 772 189
cam_02 4125 1 2 73 577
cam_02 4088 2 1 898 227
cam_02 4156 2 2 749 215
cam_02 4159 1 1 36 441
cam_02 4177 1 1 25 401
cam_02 4194 1 1 22 431
cam_02 4174 1 1 75 362
cam_02 4186 1 1 21 387
cam_02 4287 2 1 918 237
cam_02 4346 1 2 347 581
cam_02 4327 2 1 887 228
cam_02 4302 2 2 941 265
cam_02 4309 1 1 63 383
cam_02 4332 2 1 889 222
cam_02 4379 2 3 783 195
cam_02 4377 2 1 886 225
cam_02 4442 2 3 696 210
cam_02 4425 2 1 871 225
cam_02 4434 2 1 881 223
cam_02 4516 2 2 785 215
cam_02 4438 1 1 39 432
cam_02 4513 1 1 19 492
cam_02 4539 1 1 21 391
cam_02 4591 1 2 358 567
cam_02 4572 1 2 189 549
cam_02 4616 2 1 881 228
cam_02 4842 2 4 674 181
cam_02 4752 2 2 769 217
cam_02 4785 2 2 765 215
cam_02 4725 1 1 28 423
cam_02 4689 2 1 875 223
cam_02 4795 1 2 259 586
cam_02 4828 2 2 772 214
cam_02 4890 2 2 670 215
cam_02 4767 2 1 880 224
cam_02 4888 2 2 772 221
cam_02 4798 1 1 104 372
cam_02 4935 2 2 662 213
cam_02 4925 2 2 769 220
cam_02 4970 2 2 695 210
cam_02 5001 2 2 773 217
cam_02 5013 2 2 769 221
cam_02 4933 1 1 24 491
cam_02 5037 2 2 691 215
cam_02 5061 2 2 757 214
cam_02 5108 2 2 776 203
cam_02 5093 2 2 674 212
cam_02 5041 1 1 26 401
cam_02 5055 2 1 908 242
cam_02 5077 2 1 882 223
cam_02 5073 2 1 910 252
cam_02 5086 2 1 903 249
cam_02 5118 2 1 881 223
cam_02 5079 1 1 28 427
cam_02 5159 2 2 774 217
cam_02 5104 1 1 36 398
cam_02 5128 1 1 48 412
cam_02 5109 1 1 98 403
cam_02 5157 1 2 42 534
cam_02 5167 2 1 870 225
cam_02 5289 2 4 676 187
cam_02 5187 2 1 880 228
cam_02 5200 1 2 62 381
cam_02 5211 2 1 887 224
cam_02 5226 1 1 42 418
cam_02 5250 2 2 889 226
cam_02 5350 2 2 720 213
cam_02 5276 2 1 878 226
cam_02 5385 2 2 695 214
cam_02 5412 2 3 776 204
cam_02 5422 2 2 663 212
cam_02 5367 1 1 6 442
cam_02 5381 1 3 125 581
cam_02 5442 2 2 770 219
cam_02 5418 2 1 883 225
cam_02 5397 1 1 43 413
cam_02 5477 2 4 676 211
cam_02 5474 2 2 750 221
cam_02 5436 1 1 28 415
cam_02 5514 2 2 771 219
cam_02 5555 2 3 781 208
cam_02 5582 2 3 678 194
cam_02 5520 2 1 893 228
cam_02 5505 1 1 27 448
cam_02 5603 2 2 772 209
cam_02 5533 2 1 881 224
cam_02 5646 2 2 681 214
cam_02 5642 2 2 770 220
cam_02 5685 2 2 671 215
cam_02 5685 2 2 756 218
cam_02 5616 2 1 933 252
cam_02 5780 2 4 774 207
cam_02 5745 2 2 664 247
cam_02 5697 2 1 891 228
cam_02 5724 2 1 890 226
cam_02 5853 2 2 673 214
cam_02 5789 1 2 115 576
cam_02 5917 2 2 757 192
cam_02 5787 2 1 869 225
cam_02 5804 2 2 672 216
cam_02 5810 1 2 321 590
cam_02 5797 1 1 71 459
cam_02 5783 2 1 895 227
cam_02 5841 2 1 903 240
cam_02 5982 2 2 665 212
cam_02 5972 2 2 791 216
cam_02 5921 2 1 901 227
cam_02 5963 1 2 284 555
cam_02 6011 2 1 879 226
cam_02 6011 2 1 906 226
cam_02 6063 2 1 903 225
cam_02 6107 1 2 393 550
cam_02 6060 1 1 106 376
cam_02 6151 2 2 685 211
cam_02 6103 1 1 22 454
cam_02 6201 2 2 730 217
cam_02 6233 2 2 766 219
cam_02 6267 2 2 777 220
cam_02 6263 2 4 701 214
cam_02 6283 2 2 773 237
cam_02 6258 2 1 887 225
cam_02 6370 2 2 700 189
cam_02 6285 1 1 41 392
cam_02 6406 1 4 140 566
cam_02 6348 2 2 782 218
cam_02 6379 2 2 784 219
cam_02 6325 2 2 780 221
cam_02 6408 2 2 681 213
cam_02 6445 2 3 764 206
cam_02 6545 2 2 785 209
cam_02 6485 2 1 896 226
cam_02 6572 2 2 675 211
cam_02 6582 2 2 761 216
cam_02 6614 2 2 751 217
cam_02 6625 2 2 763 235
cam_02 6609 1 1 19 379
cam_02 6768 2 4 688 180
cam_02 6662 2 1 897 224
cam_02 6637 1 1 20 391
cam_02 6660 1 1 78 413
cam_02 6744 2 2 782 220
cam_02 6857 2 4 709 187
cam_02 6773 1 2 289 584
cam_02 6783 2 1 891 228
cam_02 6876 2 1 896 225
cam_02 6879 1 2 144 559
cam_02 6921 2 1 883 230
cam_02 6951 1 1 16 426
cam_02 7013 2 2 886 217
cam_02 7085 2 2 686 211
cam_02 7057 1 1 40 372
cam_02 7071 1 1 74 374
cam_02 7089 2 1 877 227
cam_02 7090 1 1 78 369
cam_02 7259 2 2 672 213
cam_02 7275 2 3 772 207
cam_02 7304 2 2 676 214
cam_02 7269 2 1 899 227
cam_02 7366 2 2 749 208
cam_02 7449 2 2 777 188
cam_02 7392 2 2 663 214
cam_02 7324 1 1 21 451
cam_02 7411 1 1 24 475
cam_02 7404 1 1 24 404
cam_02 7449 1 2 331 580
cam_02 7430 1 2 99 592
cam_02 7565 2 2 707 194
cam_02 7528 2 4 796 212
cam_02 7444 1 2 100 573
cam_02 7476 2 1 902 226
cam_02 7506 1 4 251 572
cam_02 7561 2 2 788 216
cam_02 7496 2 1 902 229
cam_02 7501 1 1 35 411
cam_02 7499 2 2 760 221
cam_02 7516 1 1 28 396
cam_02 7608 2 4 787 206
cam_02 7698 1 3 173 573
cam_02 7580 1 2 226 559
cam_02 7677 2 4 782 198
cam_02 7653 2 1 903 227
cam_02 7728 2 2 768 220
cam_02 7651 1 2 67 558
cam_02 7766 2 2 678 196
cam_02 7750 1 1 50 356
cam_02 7768 1 1 51 464
cam_02 7858 2 4 686 187
cam_02 7768 1 1 144 519
cam_02 7794 2 2 773 215
cam_02 7821 2 1 900 226
cam_02 7855 1 1 39 422
cam_02 7890 2 1 889 226
cam_02 7977 2 4 781 208
cam_02 7917 2 1 900 225
cam_02 8010 2 2 771 219
cam_02 8018 2 2 683 211
cam_02 8016 1 1 17 418
cam_02 8084 2 2 695 216
cam_02 8037 2 2 905 226
cam_02 8146 2 4 786 201
cam_02 8094 2 2 681 231
cam_02 8178 2 2 664 186
cam_02 8216 2 2 778 199
cam_02 8298 2 4 786 198
cam_02 8222 2 2 677 212
cam_02 8250 2 2 668 223
cam_02 8268 1 1 24 405
cam_02 8365 2 3 708 189
cam_02 8262 2 1 893 224
cam_02 8250 1 1 23 392
cam_02 8390 2 2 771 219
cam_02 8312 2 1 898 227
cam_02 8415 2 2 750 227
cam_02 8331 1 2 98 566
cam_02 8460 2 2 669 206
cam_02 8467 2 4 769 198
cam_02 8487 2 2 660 230
cam_02 8504 2 2 774 219
cam_02 8435 1 2 135 579
cam_02 8532 2 2 666 223
cam_02 8598 2 2 766 222
cam_02 8619 2 2 692 211
cam_02 8524 1 2 182 572
cam_02 8586 1 4 169 579
cam_02 8566 2 1 904 226
cam_02 8675 2 4 747 207
cam_02 8573 2 1 910 246
cam_02 8580 2 1 923 249
cam_02 8598 2 1 906 237
cam_02 8723 2 2 767 213
cam_02 8664 2 1 900 226
cam_02 8719 2 1 891 227
cam_02 8809 2 4 671 249
cam_02 8753 2 1 886 226
cam_02 8781 2 2 765 231
cam_02 8877 2 4 786 194
cam_02 8886 2 4 679 191
cam_02 8925 2 2 766 214
cam_02 8859 1 4 268 591
cam_02 8904 2 2 908 225
cam_02 9060 2 2 665 214
cam_02 8928 2 1 915 232
cam_02 8962 1 1 27 395
cam_02 9045 2 4 775 209
cam_02 9111 2 2 696 216
cam_02 8976 2 1 893 227
cam_02 8976 1 1 11 475
cam_02 9003 2 1 900 227
cam_02 9141 2 2 735 214
cam_02 9036 2 1 878 226
cam_02 9089 2 2 777 213
cam_02 9022 2 1 939 261
cam_02 9063 2 2 893 215
cam_02 9150 1 4 211 578
cam_02 9098 2 1 899 228
cam_02 9200 2 3 691 207
cam_02 9222 2 2 675 217
cam_02 9203 2 4 786 187
cam_02 9258 2 2 682 215
cam_02 9172 2 3 690 256
cam_02 9306 2 2 748 214
cam_02 9200 2 1 905 230
cam_02 9279 2 4 770 210
cam_02 9184 1 1 20 405
cam_02 9252 1 2 42 570
cam_02 9290 2 1 894 226
cam_02 9402 2 3 694 203
cam_02 9386 2 1 889 224
cam_02 9534 2 4 771 203
cam_02 9477 2 1 912 229
cam_02 9518 2 1 908 226
cam_02 9538 2 1 899 225
cam_02 9553 2 1 903 241
cam_02 9575 2 1 903 221
cam_02 9627 2 2 685 215
cam_02 9693 2 4 787 206
cam_02 9621 1 4 144 569
cam_02 9656 1 2 153 552
cam_02 9851 2 2 702 180
cam_02 9678 2 2 902 226
cam_02 9820 2 4 781 219
cam_02 9854 2 2 777 219
cam_02 9798 2 1 902 227
cam_02 9903 2 4 666 227
cam_02 9815 2 1 904 228
cam_02 9882 2 3 790 216
cam_02 9863 2 1 908 225
cam_02 9978 2 3 672 205
cam_02 9996 2 2 761 213
cam_02 9933 2 3 773 209
cam_02 9970 1 4 147 585
cam_02 9907 1 1 34 398
cam_02 9927 1 4 83 558
cam_02 10039 2 1 762 218
cam_02 9944 1 2 110 585
cam_02 9997 2 2 665 193
cam_02 10020 2 1 891 226
cam_02 9984 1 1 31 372
cam_02 9984 1 2 78 581
cam_02 10036 1 2 40 554
cam_02 10037 2 2 675 212
cam_02 10079 2 2 763 218
cam_02 10092 1 1 77 402
cam_02 10185 1 3 48 587
cam_02 10117 1 1 51 514
cam_02 10144 1 3 71 581
cam_02 10209 2 4 782 196
cam_02 10107 1 1 62 416
cam_02 10277 2 3 707 195
cam_02 10261 1 1 25 401
cam_02 10387 2 2 692 213
cam_02 10343 2 1 898 226
cam_02 10333 2 1 906 232
cam_02 10441 1 2 135 531
cam_02 10360 2 1 909 258
cam_02 10491 1 3 86 423
cam_02 10476 2 2 771 216
cam_02 10461 2 2 660 214
cam_02 10517 2 2 680 201
cam_02 10509 2 2 767 217
cam_02 10511 1 2 338 564
cam_02 10618 2 4 778 190
cam_02 10535 1 4 314 571
cam_02 10656 2 4 661 199
cam_02 10549 1 1 35 406
cam_02 10599 1 1 19 410
cam_02 10694 2 2 694 219
cam_02 10686 2 2 765 216
cam_02 10594 2 1 920 267
cam_02 10630 1 1 36 464
cam_02 10728 2 2 684 215
cam_02 10722 1 2 47 579
cam_02 10778 2 2 681 214
cam_02 10726 2 1 899 232
cam_02 10747 2 1 882 224
cam_02 10768 1 1 38 377
cam_02 10782 1 1 20 420
cam_02 10848 2 2 774 221
cam_02 10813 1 1 23 383
cam_02 10830 2 1 904 230
cam_02 10845 2 1 899 231
cam_02 10828 1 1 43 432
cam_02 10849 2 1 897 227
cam_02 10996 2 2 699 220
cam_02 10968 2 4 771 188
cam_02 10961 1 4 253 584
cam_02 11037 2 2 692 213
cam_02 10956 1 1 190 353
cam_02 10956 2 1 894 225
cam_02 10992 1 2 101 568
cam_02 10984 2 1 893 226
cam_02 11108 2 4 668 211
cam_02 10977 1 1 13 413
cam_02 11004 1 1 12 418
cam_02 11074 2 2 783 217
cam_02 11116 2 4 771 212
cam_02 11141 2 2 777 219
cam_02 11247 2 4 690 206
cam_02 11214 2 2 786 208
cam_02 11259 2 2 770 218
cam_02 11358 2 4 661 195
cam_02 11281 1 2 332 586
cam_02 11381 2 4 775 191
cam_02 11395 2 2 675 210
cam_02 11356 2 1 886 226
cam_02 11362 1 2 55 581
cam_02 11465 2 4 690 197
cam_02 11458 2 1 892 226
cam_02 11471 2 1 898 226
cam_02 11548 2 2 669 244
cam_02 11663 2 2 673 211
cam_02 11622 2 4 781 202
cam_02 11539 2 1 944 265
cam_02 11676 2 2 785 205
cam_02 11595 2 1 901 226
cam_02 11649 2 1 894 231
cam_02 11699 2 2 745 218
cam_02 11828 2 4 678 181
cam_02 11741 1 4 57 565
cam_02 11754 2 1 894 227
cam_02 11746 2 4 691 234
cam_02 11772 1 1 40 394
cam_02 11896 2 2 686 213
cam_02 11784 1 1 41 419
cam_02 11832 2 1 905 229
cam_02 11937 2 2 712 217
cam_02 11850 2 1 896 227
cam_02 11966 2 4 779 209
cam_02 11969 2 4 668 210
cam_02 11897 1 4 115 587
cam_02 12046 2 2 769 191
cam_02 12033 2 2 678 215
cam_02 12099 2 2 757 216
cam_02 11979 1 1 111 371
cam_02 12023 2 4 903 227
cam_02 12109 2 2 667 203
cam_02 12130 1 4 291 547
cam_02 12138 2 2 762 218
cam_02 12171 2 2 666 214
cam_02 12214 2 2 757 230
cam_02 12111 2 1 902 226
cam_02 12209 2 2 681 213
cam_02 12107 1 2 68 555
cam_02 12288 2 4 781 199
cam_02 12205 1 4 245 586
cam_02 12246 2 2 669 213
cam_02 12320 2 2 683 193
cam_02 12211 2 1 917 236
cam_02 12327 2 2 774 221
cam_02 12223 2 1 897 227
cam_02 12367 2 4 785 217
cam_02 12267 1 1 32 402
cam_02 12382 2 2 697 218
cam_02 12354 2 1 900 226
cam_02 12415 2 2 677 218
cam_02 12430 2 2 773 220
cam_02 12475 2 2 777 216
cam_02 12421 2 1 907 237
cam_02 12592 2 2 681 221
cam_02 12608 2 2 745 215
cam_02 12600 2 3 799 260
cam_02 12686 2 4 768 191
cam_02 12722 2 2 694 217
cam_02 12753 2 2 689 211
cam_02 12744 2 2 775 217
cam_02 12881 2 2 695 214
cam_02 12801 2 1 898 227
cam_02 12775 1 1 128 455
cam_02 12790 1 1 18 393
cam_02 12831 2 1 907 228
cam_02 12841 1 1 45 436
cam_02 12930 2 2 687 215
cam_02 12955 2 4 778 202
cam_02 12874 1 1 23 471
cam_02 12865 1 1 24 387
cam_02 12891 1 1 96 401
cam_02 13000 2 4 785 229
cam_02 13004 2 2 688 217
cam_02 13042 2 2 752 218
cam_02 13012 1 4 336 585
cam_02 12977 2 1 896 227
cam_02 13062 2 2 685 216
cam_02 12986 2 1 890 227
cam_02 13100 2 2 706 217
cam_02 13132 2 2 757 216
cam_02 13023 2 1 904 228
cam_02 13167 2 2 794 208
cam_02 13151 2 2 693 213
cam_02 13073 2 1 901 228
cam_02 13101 2 1 906 227
cam_02 13214 2 2 775 220
cam_02 13110 1 1 16 445
cam_02 13199 2 2 690 215
cam_02 13153 1 1 26 360
cam_02 13268 2 2 774 217
cam_02 13265 2 2 680 211
cam_02 13188 2 1 886 231
cam_02 13204 2 1 898 228
cam_02 13225 2 1 915 231
cam_02 13303 2 2 663 212
cam_02 13329 2 2 756 217
cam_02 13247 2 1 890 230
cam_02 13284 2 1 906 228
cam_02 13331 1 2 169 550
cam_02 13435 2 2 765 219
cam_02 13393 1 2 82 589
cam_02 13438 1 1 87 414
cam_02 13500 1 2 254 374
cam_02 13491 1 2 41 524
