cam_24 40 2 1 1037 317
cam_24 48 2 1 1071 326
cam_24 42 1 1 419 557
cam_24 29 1 2 238 572
cam_24 45 1 1 232 491
cam_24 66 1 1 241 491
cam_24 57 1 1 302 551
cam_24 51 1 1 383 565
cam_24 53 2 1 1037 319
cam_24 54 1 1 314 496
cam_24 82 2 2 1024 310
cam_24 75 1 1 258 504
cam_24 78 1 1 461 580
cam_24 66 1 1 303 530
cam_24 78 2 1 1069 324
cam_24 87 1 1 289 506
cam_24 98 2 2 1014 310
cam_24 99 2 1 1075 326
cam_24 88 2 1 1028 341
cam_24 93 1 1 317 519
cam_24 116 1 1 236 512
cam_24 75 1 1 381 558
cam_24 112 2 1 1063 321
cam_24 99 2 1 1032 328
cam_24 104 1 1 287 515
cam_24 111 1 1 334 523
cam_24 116 2 1 1037 318
cam_24 129 1 1 314 516
cam_24 150 1 1 217 485
cam_24 137 2 1 1063 326
cam_24 135 2 1 1004 328
cam_24 150 1 1 302 526
cam_24 147 2 1 1047 322
cam_24 145 2 1 1013 327
cam_24 167 1 1 293 527
cam_24 162 1 1 281 507
cam_24 159 2 1 1058 325
cam_24 164 2 1 1017 315
cam_24 173 1 1 332 531
cam_24 172 2 1 1056 324
cam_24 175 2 1 1037 324
cam_24 183 2 1 1022 315
cam_24 191 1 1 229 500
cam_24 184 2 1 1044 336
cam_24 198 1 1 292 533
cam_24 216 1 1 227 491
cam_24 199 2 1 1061 321
cam_24 198 2 1 1023 317
cam_24 243 1 1 282 517
cam_24 192 2 1 992 312
cam_24 222 1 1 274 513
cam_24 201 2 1 999 308
cam_24 205 2 1 1029 318
cam_24 210 2 1 1003 311
cam_24 211 1 1 216 509
cam_24 246 1 1 181 475
cam_24 218 2 1 1050 320
cam_24 231 1 1 265 524
cam_24 229 1 1 208 494
cam_24 254 1 1 316 534
cam_24 260 1 1 384 545
cam_24 277 1 1 197 494
cam_24 270 2 1 1044 320
cam_24 290 1 1 267 505
cam_24 289 2 1 1062 323
cam_24 282 2 1 1025 320
cam_24 309 1 1 354 534
cam_24 297 2 1 1033 318
cam_24 296 2 1 1012 311
cam_24 322 1 1 210 502
cam_24 300 2 1 997 312
cam_24 311 2 1 1050 321
cam_24 310 2 1 1021 312
cam_24 325 1 1 275 529
cam_24 330 2 1 1069 326
cam_24 333 1 1 342 514
cam_24 320 2 1 1028 317
cam_24 347 1 1 247 489
cam_24 360 1 1 257 498
cam_24 342 2 1 1037 320
cam_24 363 1 1 347 525
cam_24 402 1 1 254 527
cam_24 386 1 1 274 528
cam_24 376 1 1 208 501
cam_24 378 2 2 1026 309
cam_24 381 1 1 311 505
cam_24 370 1 1 291 507
cam_24 385 2 1 1059 323
cam_24 394 1 1 248 505
cam_24 393 2 1 1013 313
cam_24 410 1 1 290 518
cam_24 416 2 1 1062 321
cam_24 408 1 1 228 488
cam_24 467 2 1 1088 328
cam_24 435 1 1 324 511
cam_24 444 2 1 1026 315
cam_24 436 1 1 405 533
cam_24 500 2 2 1023 287
cam_24 509 2 1 1070 328
cam_24 502 2 1 1056 325
cam_24 482 1 1 279 496
cam_24 512 2 1 1044 319
cam_24 501 1 1 233 496
cam_24 511 2 1 1018 312
cam_24 523 1 1 334 512
cam_24 630 1 1 168 481
cam_24 537 2 2 1022 305
cam_24 532 1 1 453 476
cam_24 543 2 1 988 307
cam_24 531 2 1 1072 325
cam_24 543 2 1 1077 326
cam_24 540 2 1 1054 323
cam_24 546 2 1 1025 320
cam_24 556 2 1 1052 322
cam_24 556 2 1 1018 322
cam_24 567 2 1 1032 318
cam_24 572 2 1 1083 329
cam_24 594 1 1 215 481
cam_24 566 2 1 1057 325
cam_24 569 2 1 994 310
cam_24 619 1 1 151 484
cam_24 594 2 1 1085 330
cam_24 600 2 4 1023 300
cam_24 574 2 1 1039 340
cam_24 590 2 1 1058 323
cam_24 570 1 1 261 504
cam_24 582 1 1 215 509
cam_24 623 2 1 1063 325
cam_24 614 2 1 1034 321
cam_24 612 2 1 1066 323
cam_24 616 2 1 1012 317
cam_24 638 1 1 221 510
cam_24 624 2 1 1036 334
cam_24 622 2 1 1005 320
cam_24 641 2 1 1039 318
cam_24 660 2 4 1013 309
cam_24 642 2 1 1074 327
cam_24 674 1 1 284 536
cam_24 683 2 2 1013 312
cam_24 670 2 1 1051 322
cam_24 678 2 1 1051 332
cam_24 684 1 1 182 478
cam_24 710 2 2 1020 306
cam_24 684 2 1 1087 330
cam_24 694 2 1 1070 327
cam_24 708 2 1 1067 326
cam_24 718 2 1 1092 331
cam_24 924 1 1 293 479
cam_24 720 2 1 1051 334
cam_24 754 2 2 1021 310
cam_24 720 2 1 1029 339
cam_24 732 2 1 1049 327
cam_24 767 2 1 998 309
cam_24 745 2 1 1095 340
cam_24 773 2 1 1087 331
cam_24 747 2 1 1053 334
cam_24 756 2 1 1025 342
cam_24 765 2 1 1019 342
cam_24 787 1 1 204 506
cam_24 807 2 2 1013 308
cam_24 774 2 1 1058 347
cam_24 811 1 1 344 444
cam_24 835 2 1 1094 331
cam_24 793 2 1 1074 340
cam_24 809 2 1 1054 321
cam_24 814 1 1 174 494
cam_24 795 1 1 217 494
cam_24 828 1 1 275 501
cam_24 850 2 1 1037 328
cam_24 874 1 1 215 502
cam_24 868 2 1 1033 319
cam_24 887 2 1 1075 325
cam_24 861 2 1 1003 313
cam_24 904 2 1 1069 325
cam_24 879 2 1 1017 314
cam_24 908 1 1 255 526
cam_24 910 2 1 1042 319
cam_24 915 1 1 237 495
cam_24 939 2 1 1082 329
cam_24 934 2 1 1040 319
cam_24 948 1 1 283 507
cam_24 951 2 1 1081 328
cam_24 923 2 1 1041 319
cam_24 939 2 1 1024 315
cam_24 972 2 1 1076 328
cam_24 940 2 1 1000 327
cam_24 943 2 1 1019 330
cam_24 978 1 1 344 487
cam_24 954 2 1 1014 335
cam_24 962 2 1 1003 310
cam_24 973 2 1 1048 326
cam_24 980 2 1 1033 318
cam_24 984 2 1 1051 330
cam_24 989 2 1 1014 311
cam_24 1010 2 1 1048 320
cam_24 1005 1 1 277 497
cam_24 1002 2 1 1090 331
cam_24 997 2 1 1013 311
cam_24 1028 2 1 1041 318
cam_24 1047 2 1 1036 315
cam_24 1062 2 1 1066 329
cam_24 1082 2 2 1018 290
cam_24 1075 2 1 1063 325
cam_24 1060 1 1 204 496
cam_24 1084 2 1 1054 337
cam_24 1067 1 1 245 513
cam_24 1079 1 1 203 497
cam_24 1071 1 1 317 515
cam_24 1109 1 1 230 492
cam_24 1104 2 1 1064 323
cam_24 1087 1 1 193 451
cam_24 1107 2 1 1027 318
cam_24 1092 1 1 192 495
cam_24 1116 1 1 244 495
cam_24 1137 1 4 172 547
cam_24 1133 2 1 1048 321
cam_24 1129 2 1 1005 317
cam_24 1162 2 1 1089 328
cam_24 1147 2 1 1043 319
cam_24 1154 2 1 1025 315
cam_24 1165 1 1 195 488
cam_24 1167 1 1 309 514
cam_24 1183 2 1 1056 324
cam_24 1194 1 1 213 507
cam_24 1168 2 1 1029 325
cam_24 1188 1 1 222 473
cam_24 1183 2 1 1021 314
cam_24 1199 2 1 1069 325
cam_24 1208 1 1 334 517
cam_24 1197 1 1 408 488
cam_24 1200 2 1 1016 315
cam_24 1195 2 1 999 321
cam_24 1224 2 1 1075 324
cam_24 1218 2 1 1041 317
cam_24 1234 2 1 1045 330
cam_24 1261 2 1 1061 323
cam_24 1250 2 1 1032 316
cam_24 1264 2 1 1033 315
cam_24 1270 1 1 236 503
cam_24 1280 1 1 284 506
cam_24 1301 1 1 267 517
cam_24 1296 1 1 192 494
cam_24 1299 2 4 1002 305
cam_24 1283 2 1 1025 317
cam_24 1298 2 1 1054 322
cam_24 1321 1 1 249 425
cam_24 1321 1 1 333 459
cam_24 1350 2 1 1089 328
cam_24 1333 2 1 1051 321
cam_24 1488 2 4 1038 280
cam_24 1362 2 1 1058 323
cam_24 1391 2 1 1087 329
cam_24 1473 2 4 1016 306
cam_24 1387 2 1 1064 331
cam_24 1389 2 1 1050 351
cam_24 1410 2 1 1081 336
cam_24 1479 2 1 1060 331
cam_24 1425 2 1 1044 350
cam_24 1431 1 1 199 504
cam_24 1462 2 1 1087 334
cam_24 1456 2 1 1064 327
cam_24 1476 1 1 242 505
cam_24 1473 2 1 1055 332
cam_24 1486 1 1 211 499
cam_24 1498 2 1 1068 325
cam_24 1476 1 1 253 451
cam_24 1491 1 1 392 543
cam_24 1498 1 1 200 500
cam_24 1490 1 1 306 523
cam_24 1516 2 1 1058 322
cam_24 1539 1 1 195 485
cam_24 1533 1 1 264 509
cam_24 1584 1 1 226 500
cam_24 1558 2 1 1080 332
cam_24 1515 1 1 259 501
cam_24 1665 2 4 981 331
cam_24 1566 2 1 1072 337
cam_24 1570 1 1 212 499
cam_24 1578 2 1 1064 325
cam_24 1604 2 1 1081 328
cam_24 1595 1 1 177 481
cam_24 1575 2 1 1048 345
cam_24 1597 2 1 1049 353
cam_24 1650 2 1 1090 328
cam_24 1606 1 1 204 492
cam_24 1630 2 1 1060 324
cam_24 1658 2 1 1070 325
cam_24 1657 2 1 1052 341
cam_24 2283 2 4 1025 279
cam_24 1677 2 1 1079 340
cam_24 1668 2 1 1017 341
cam_24 1699 2 1 1039 321
cam_24 1696 2 1 1088 334
cam_24 1707 2 1 1077 329
cam_24 1698 2 1 1070 342
cam_24 1719 2 1 1085 338
cam_24 1747 2 1 1081 330
cam_24 1718 1 1 159 467
cam_24 1733 1 4 91 514
cam_24 1746 2 1 1057 324
cam_24 1740 1 1 157 478
cam_24 1758 2 1 1076 351
cam_24 1762 2 1 1053 351
cam_24 1755 1 1 407 572
cam_24 1760 1 1 272 506
cam_24 1763 1 1 196 464
cam_24 1782 2 1 1073 356
cam_24 1797 2 1 1074 351
cam_24 1779 1 1 226 485
cam_24 1791 1 1 264 510
cam_24 1818 2 1 1067 344
cam_24 1795 1 1 284 537
cam_24 1810 2 1 1039 353
cam_24 1849 2 1 1061 327
cam_24 1833 1 1 222 498
cam_24 1831 1 1 163 480
cam_24 1873 2 1 1070 341
cam_24 1846 2 1 1088 330
cam_24 1876 2 1 1093 345
cam_24 1887 1 1 307 539
cam_24 1909 2 1 1078 328
cam_24 1969 2 1 948 312
cam_24 1926 2 1 1090 357
cam_24 1945 2 1 1055 344
cam_24 1987 2 1 1055 350
cam_24 2032 2 1 1093 334
cam_24 1980 1 1 443 570
cam_24 2001 2 1 960 310
cam_24 2020 2 1 1060 335
cam_24 2553 2 2 1001 317
cam_24 2034 1 2 116 561
cam_24 2041 2 1 1075 333
cam_24 2046 1 1 281 531
cam_24 2068 2 1 1077 336
cam_24 2043 1 1 270 490
cam_24 2081 1 1 228 503
cam_24 2039 1 1 211 504
cam_24 2053 1 1 192 496
cam_24 2064 2 1 1059 344
cam_24 2300 1 1 169 467
cam_24 2082 2 1 1072 354
cam_24 2107 1 1 153 472
cam_24 2091 2 1 1065 346
cam_24 2130 1 1 224 490
cam_24 2082 1 1 375 538
cam_24 2112 2 1 1083 358
cam_24 2128 2 1 1071 351
cam_24 2134 2 1 1057 356
cam_24 2142 2 1 1089 347
cam_24 2099 1 1 364 520
cam_24 2140 2 1 1070 356
cam_24 2141 1 1 185 480
cam_24 2145 2 1 1061 358
cam_24 2164 2 1 1082 336
cam_24 2151 1 1 248 522
cam_24 2169 1 1 231 496
cam_24 2172 2 1 1071 353
cam_24 2167 2 1 1040 352
cam_24 2200 2 1 1090 338
cam_24 2211 2 1 1077 352
cam_24 2179 1 1 452 491
cam_24 2221 2 1 1085 356
cam_24 2194 1 1 282 522
cam_24 2214 1 1 287 496
cam_24 2248 2 1 1092 342
cam_24 2262 2 1 1084 341
cam_24 2265 2 1 1065 344
cam_24 2305 2 1 1075 343
cam_24 2267 1 1 363 545
cam_24 2293 2 1 1070 336
cam_24 2368 2 1 1052 345
cam_24 2322 2 1 1063 330
cam_24 2344 2 1 1061 357
cam_24 2332 2 1 1059 335
cam_24 2341 2 1 1049 350
cam_24 2382 2 1 1044 339
cam_24 2382 2 1 1083 337
cam_24 2392 2 1 1044 348
cam_24 2418 2 1 1058 352
cam_24 2404 2 1 1087 353
cam_24 2421 2 1 1082 342
cam_24 2430 1 1 371 571
cam_24 2430 2 1 1039 336
cam_24 2458 2 1 1085 338
cam_24 2438 1 1 392 565
cam_24 2501 2 1 1115 346
cam_24 2424 1 1 182 473
cam_24 2473 2 1 1063 333
cam_24 2510 1 4 62 500
cam_24 2432 1 1 213 487
cam_24 2451 1 1 341 489
cam_24 2494 2 1 1071 328
cam_24 2449 1 1 302 546
cam_24 2459 1 1 212 508
cam_24 2425 1 1 224 509
cam_24 2450 1 1 342 483
cam_24 2465 1 1 255 523
cam_24 2439 1 1 257 489
cam_24 2475 1 1 279 435
cam_24 2466 1 1 240 423
cam_24 2474 1 1 210 487
cam_24 2778 2 2 1007 323
cam_24 2468 1 1 190 454
cam_24 2503 2 1 1065 356
cam_24 2532 2 1 1054 326
cam_24 2524 2 1 1076 356
cam_24 2519 1 1 249 512
cam_24 2517 1 1 150 485
cam_24 2568 2 1 1086 330
cam_24 2511 1 1 239 506
cam_24 2545 1 1 169 495
cam_24 2560 2 1 1058 350
cam_24 2534 1 1 340 533
cam_24 2592 1 2 215 569
cam_24 2557 2 1 1054 349
cam_24 2567 1 1 315 512
cam_24 2573 1 1 195 456
cam_24 2598 2 1 1082 325
cam_24 2583 1 1 223 486
cam_24 2608 1 1 319 522
cam_24 2604 1 1 261 504
cam_24 2598 1 1 204 500
cam_24 2618 1 1 231 478
cam_24 2626 2 1 1069 324
cam_24 2641 2 1 1065 324
cam_24 2675 2 1 1079 329
cam_24 2686 2 1 1064 331
cam_24 2717 2 1 1090 330
cam_24 2707 2 1 1054 330
cam_24 2767 1 4 85 436
cam_24 2740 2 1 1091 328
cam_24 2740 2 1 1031 349
cam_24 2731 2 1 1066 342
cam_24 2738 2 1 1060 325
cam_24 2754 2 1 1074 346
cam_24 2790 2 1 1064 331
cam_24 3093 2 1 1021 288
cam_24 2749 2 1 1042 340
cam_24 2801 2 1 1093 331
cam_24 2821 2 1 1086 345
cam_24 2806 2 1 1043 337
cam_24 2778 1 1 380 562
cam_24 2777 1 1 278 479
cam_24 2793 1 1 201 494
cam_24 2797 1 1 419 572
cam_24 2806 1 1 327 509
cam_24 2836 1 1 307 493
cam_24 2867 1 2 215 559
cam_24 2878 1 1 320 445
cam_24 2889 1 1 304 476
cam_24 2959 2 1 1068 347
cam_24 2919 1 1 218 494
cam_24 2925 1 1 268 514
cam_24 2986 2 1 1079 347
cam_24 2944 1 1 263 526
cam_24 2931 1 1 201 478
cam_24 3015 2 1 1061 323
cam_24 2979 1 1 240 498
cam_24 2979 1 1 336 536
cam_24 3005 1 1 227 504
cam_24 3013 1 2 345 498
cam_24 3064 2 1 1091 328
cam_24 3031 2 1 1048 326
cam_24 3052 2 1 1046 328
cam_24 3560 2 4 1025 272
cam_24 3049 2 1 1024 341
cam_24 3094 2 1 1072 328
cam_24 3108 2 1 1063 335
cam_24 3128 2 1 1067 326
cam_24 3156 2 1 1070 326
cam_24 3132 1 1 321 520
cam_24 3146 1 1 213 501
cam_24 3140 1 1 300 526
cam_24 3151 1 1 311 535
cam_24 3146 1 1 307 527
cam_24 3185 2 1 1068 324
cam_24 3163 1 1 315 558
cam_24 3181 1 1 192 464
cam_24 3183 1 1 296 483
cam_24 3207 2 1 1064 323
cam_24 3894 2 2 1020 291
cam_24 3234 2 1 1071 333
cam_24 3252 2 1 1079 342
cam_24 3247 2 1 1056 337
cam_24 3303 2 1 1096 348
cam_24 3286 2 1 1035 351
cam_24 3292 2 1 1069 359
cam_24 3283 1 4 61 517
cam_24 3330 2 1 1082 346
cam_24 3312 2 1 1060 352
cam_24 3327 2 1 1056 350
cam_24 3331 2 1 1030 348
cam_24 3850 2 2 999 313
cam_24 3358 2 1 1092 338
cam_24 3357 1 1 436 580
cam_24 3358 2 1 1062 342
cam_24 3345 1 1 423 583
cam_24 3362 1 1 216 502
cam_24 3372 2 1 1073 339
cam_24 3366 1 1 284 506
cam_24 3384 1 1 510 594
cam_24 3394 2 1 1074 346
cam_24 3396 2 1 1057 353
cam_24 3409 2 1 1048 333
cam_24 3388 1 1 197 471
cam_24 3390 1 1 265 501
cam_24 3429 2 1 1079 334
cam_24 3391 1 1 332 547
cam_24 3411 1 1 223 502
cam_24 3414 1 1 270 529
cam_24 3398 1 1 279 476
cam_24 3425 1 1 260 504
cam_24 3477 2 1 1075 343
cam_24 3446 1 1 193 493
cam_24 3433 1 1 186 490
cam_24 3458 1 1 358 549
cam_24 3471 2 1 1050 336
cam_24 3478 1 1 218 506
cam_24 3454 1 1 221 500
cam_24 3486 1 1 238 491
cam_24 3460 1 1 175 489
cam_24 3495 2 1 1064 353
cam_24 3500 1 1 194 496
cam_24 3503 1 1 291 506
cam_24 3514 2 1 1075 355
cam_24 3534 2 1 1060 335
cam_24 3515 1 1 264 520
cam_24 3513 1 1 190 494
cam_24 3529 1 1 294 509
cam_24 3571 1 1 230 492
cam_24 3561 2 1 1055 352
cam_24 3566 1 1 304 538
cam_24 4066 2 2 1008 320
cam_24 3568 1 1 362 565
cam_24 3579 1 1 249 503
cam_24 3580 1 1 295 550
cam_24 3606 2 1 1091 335
cam_24 3587 1 1 327 552
cam_24 3612 2 1 1062 339
cam_24 3591 1 1 220 491
cam_24 3567 1 1 314 456
cam_24 3597 1 1 352 525
cam_24 3640 2 1 1089 334
cam_24 3637 1 1 240 517
cam_24 3623 1 1 291 527
cam_24 3630 2 1 1021 345
cam_24 3646 2 1 1079 349
cam_24 3645 1 1 284 543
cam_24 3614 1 1 362 566
cam_24 3653 1 1 282 540
cam_24 3649 2 1 1038 335
cam_24 3676 2 1 1079 331
cam_24 3681 2 1 1058 326
cam_24 3693 2 1 1059 332
cam_24 4036 1 1 87 509
cam_24 3712 2 1 1055 330
cam_24 3724 2 1 1087 332
cam_24 3727 2 1 1056 335
cam_24 3746 2 1 1086 326
cam_24 3774 2 1 1074 326
cam_24 3745 2 1 1024 345
cam_24 3766 2 1 1051 349
cam_24 3780 2 1 1052 334
cam_24 3786 2 1 1052 355
cam_24 3816 2 1 1053 320
cam_24 3817 2 1 1089 333
cam_24 3799 2 1 1044 342
cam_24 3807 2 1 1065 353
cam_24 3934 2 1 1072 339
cam_24 3846 2 1 1059 325
cam_24 3840 2 1 1079 341
cam_24 3847 2 1 1033 334
cam_24 3846 2 1 1077 342
cam_24 3865 2 1 1076 344
cam_24 3870 2 1 1050 339
cam_24 3898 2 1 1086 332
cam_24 3877 2 1 1032 330
cam_24 3892 2 1 1046 343
cam_24 3927 2 1 1083 336
cam_24 3910 2 1 1047 344
cam_24 3945 2 1 1063 345
cam_24 3948 1 1 160 485
cam_24 3972 2 1 1063 330
cam_24 3970 2 1 1085 349
cam_24 3976 2 1 1038 327
cam_24 3951 1 1 273 501
cam_24 3956 1 1 276 501
cam_24 3990 2 1 1086 339
cam_24 4530 2 2 988 325
cam_24 3996 2 1 1041 343
cam_24 4008 2 1 1061 340
cam_24 4011 2 1 1036 342
cam_24 3986 1 1 217 480
cam_24 4044 2 1 1090 332
cam_24 3994 1 1 195 490
cam_24 4042 2 1 1058 332
cam_24 4129 1 4 60 494
cam_24 4048 2 1 1064 326
cam_24 4083 1 2 143 561
cam_24 4072 2 1 1079 341
cam_24 4078 2 1 1051 335
cam_24 4081 2 1 1084 355
cam_24 4092 2 1 1061 324
cam_24 4120 2 1 1087 329
cam_24 4104 2 1 1060 344
cam_24 4123 2 1 1063 326
cam_24 4121 1 1 576 615
cam_24 4152 2 1 1076 325
cam_24 4133 1 1 537 599
cam_24 4147 1 1 284 540
cam_24 4136 1 1 308 532
cam_24 4153 1 1 253 504
cam_24 4161 1 1 286 522
cam_24 4166 1 1 320 551
cam_24 4173 1 1 334 566
cam_24 4191 1 1 276 534
cam_24 4230 1 1 247 493
cam_24 4189 2 1 1066 335
cam_24 4205 2 1 1067 322
cam_24 4207 1 1 159 485
cam_24 4194 1 1 330 556
cam_24 4247 1 1 220 482
cam_24 4202 1 1 349 524
cam_24 4243 2 1 1071 340
cam_24 4234 1 1 328 548
cam_24 4256 2 1 1094 330
cam_24 4246 1 1 297 531
cam_24 4247 1 1 369 570
cam_24 4251 2 1 1058 349
cam_24 4264 1 1 310 513
cam_24 4266 2 1 1069 352
cam_24 4263 1 1 411 530
cam_24 4279 2 1 1056 329
cam_24 4283 1 1 255 511
cam_24 4287 2 1 1073 334
cam_24 4261 1 1 489 506
cam_24 4303 2 1 1088 347
cam_24 4295 1 1 221 513
cam_24 4285 2 1 1044 352
cam_24 4335 2 1 1047 343
cam_24 4323 1 1 182 488
cam_24 4316 1 1 287 509
cam_24 4318 2 1 1054 325
cam_24 4275 1 1 297 540
cam_24 4334 1 1 191 498
cam_24 4321 2 1 1076 346
cam_24 4347 2 1 1087 338
cam_24 4343 1 1 170 482
cam_24 4322 1 1 338 524
cam_24 4343 1 1 290 514
cam_24 4402 2 1 1092 337
cam_24 4356 2 1 1048 348
cam_24 4374 1 2 166 570
cam_24 5005 2 2 995 320
cam_24 4399 2 1 1052 339
cam_24 4395 1 2 142 562
cam_24 4410 2 1 1027 344
cam_24 4408 1 1 242 505
cam_24 4444 2 1 1090 336
cam_24 4399 1 1 337 471
cam_24 4428 2 1 1046 329
cam_24 4434 1 2 166 560
cam_24 4456 1 1 257 518
cam_24 4451 1 1 295 522
cam_24 4445 1 1 330 543
cam_24 4467 2 1 1066 339
cam_24 4473 2 1 1091 345
cam_24 4444 1 1 240 506
cam_24 4452 1 1 157 466
cam_24 4477 2 1 1051 332
cam_24 4437 1 1 285 482
cam_24 4479 2 1 1080 349
cam_24 4463 1 1 311 514
cam_24 4486 2 1 1051 339
cam_24 4466 1 1 219 470
cam_24 4489 2 1 1070 357
cam_24 4488 2 1 1029 341
cam_24 4500 1 1 196 499
cam_24 4493 1 1 253 513
cam_24 4509 2 1 1049 344
cam_24 4479 1 1 245 547
cam_24 4536 2 1 1091 338
cam_24 4533 2 1 1066 348
cam_24 4535 1 2 148 570
cam_24 4545 2 1 1044 347
cam_24 4549 2 1 1076 351
cam_24 4582 2 1 1075 347
cam_24 4540 1 1 337 543
cam_24 4558 2 1 1056 350
cam_24 4558 1 1 220 511
cam_24 4542 1 1 454 580
cam_24 4564 1 1 300 528
cam_24 4627 2 1 1077 359
cam_24 4548 1 1 309 537
cam_24 4597 2 1 1054 346
cam_24 4571 1 1 294 515
cam_24 4565 1 1 195 490
cam_24 4603 2 1 1046 354
cam_24 4585 1 1 246 511
cam_24 4611 2 1 1093 336
cam_24 4568 1 1 269 499
cam_24 4588 1 1 276 536
cam_24 4570 1 1 287 464
cam_24 4600 1 1 219 461
cam_24 4621 1 1 237 509
cam_24 4626 2 1 1055 352
cam_24 4654 2 1 1073 358
cam_24 5176 2 2 995 301
cam_24 4666 2 1 1034 344
cam_24 4681 2 1 1027 343
cam_24 4681 2 1 1072 348
cam_24 5448 2 4 1029 297
cam_24 4762 2 1 1054 331
cam_24 4744 2 1 1098 343
cam_24 4728 2 1 1020 333
cam_24 4833 2 1 1014 329
cam_24 4812 1 4 52 537
cam_24 4848 2 1 1047 335
cam_24 4870 2 1 1048 340
cam_24 5507 2 2 1012 290
cam_24 4876 2 1 1023 344
cam_24 4890 2 1 1016 335
cam_24 4915 2 1 1036 334
cam_24 4939 2 1 1047 324
cam_24 4976 2 1 1086 329
cam_24 5003 2 1 1063 325
cam_24 5033 2 1 1062 324
cam_24 5096 2 1 1069 325
cam_24 5098 2 1 1058 353
cam_24 5135 2 1 1088 331
cam_24 5136 2 1 1062 330
cam_24 5158 2 1 1069 329
cam_24 5128 2 1 1031 339
cam_24 5160 2 1 1045 321
cam_24 5178 2 1 1074 343
cam_24 5191 2 1 1062 331
cam_24 5181 2 1 1026 350
cam_24 5536 2 2 1001 313
cam_24 5205 2 1 1068 338
cam_24 5202 2 1 1035 342
cam_24 5221 2 1 1071 336
cam_24 5215 2 1 1096 329
cam_24 5247 2 1 1065 323
cam_24 5211 1 1 209 483
cam_24 5205 1 1 215 505
cam_24 5266 2 1 1072 342
cam_24 5247 1 1 175 477
cam_24 5271 2 1 1057 325
cam_24 5261 1 3 87 551
cam_24 5289 2 1 1068 327
cam_24 5284 1 1 161 465
cam_24 5271 1 1 255 497
cam_24 5284 2 1 1085 332
cam_24 5276 1 1 277 522
cam_24 5264 1 1 300 527
cam_24 5283 1 1 224 492
cam_24 5298 2 1 1061 332
cam_24 5286 1 1 265 518
cam_24 5307 2 1 1055 329
cam_24 5316 2 1 1078 340
cam_24 5344 1 4 125 574
cam_24 5329 2 1 1060 333
cam_24 5347 2 1 1082 346
cam_24 5353 2 1 1084 332
cam_24 5376 2 1 1082 330
cam_24 5355 1 1 187 484
cam_24 5356 1 1 222 513
cam_24 5364 1 1 245 511
cam_24 5394 2 1 1080 327
cam_24 5371 1 1 306 479
cam_24 5368 2 1 1049 326
cam_24 5368 1 1 270 462
cam_24 5391 2 1 1062 329
cam_24 5397 2 1 1050 322
cam_24 5726 2 4 1031 283
cam_24 5417 2 1 1077 326
cam_24 5436 2 1 1074 329
cam_24 5448 2 1 1071 338
cam_24 5475 2 1 1091 341
cam_24 5460 2 1 1056 330
cam_24 5466 2 1 1058 337
cam_24 5481 2 1 1062 326
cam_24 5499 2 1 1063 324
cam_24 5511 2 1 1064 322
cam_24 5535 2 1 1060 322
cam_24 5561 2 1 1068 327
cam_24 5571 2 1 1066 329
cam_24 5594 2 1 1087 327
cam_24 5580 2 1 1051 322
cam_24 5586 2 1 1066 357
cam_24 5576 1 1 223 511
cam_24 5604 2 1 1069 324
cam_24 5591 1 1 196 488
cam_24 5581 1 1 318 483
cam_24 5622 2 1 1076 325
cam_24 5623 1 1 214 470
cam_24 5596 1 1 295 528
cam_24 5631 1 1 304 454
cam_24 5605 1 1 325 552
cam_24 5629 1 1 348 460
cam_24 5642 2 1 1076 327
cam_24 5656 2 1 1085 327
cam_24 5672 2 1 1051 344
cam_24 6209 2 2 1065 297
cam_24 5682 2 1 1066 326
cam_24 5656 2 1 1058 326
cam_24 5688 2 1 1061 356
cam_24 5682 1 1 185 457
cam_24 5730 1 1 229 484
cam_24 5721 2 1 1089 347
cam_24 5715 1 1 193 495
cam_24 5742 2 1 1086 363
cam_24 5754 2 1 926 320
cam_24 5967 2 2 996 311
cam_24 5832 1 1 219 447
cam_24 5811 2 1 960 329
cam_24 5807 1 1 210 488
cam_24 5811 1 1 263 492
cam_24 5871 2 1 975 329
cam_24 6014 1 1 155 487
cam_24 6022 1 1 348 481
cam_24 6039 1 1 157 475
cam_24 6031 1 1 383 474
cam_24 6065 1 1 205 484
cam_24 6147 1 2 155 559
cam_24 6163 1 1 296 456
cam_24 6150 1 1 225 478
cam_24 6173 1 1 226 487
cam_24 6165 1 1 205 486
cam_24 6310 2 1 1102 356
cam_24 6178 1 1 263 478
cam_24 6198 1 1 263 516
cam_24 6224 1 1 295 520
cam_24 6215 1 1 265 501
cam_24 6228 1 1 196 464
cam_24 6239 1 1 194 492
cam_24 6613 2 2 997 314
cam_24 6290 1 1 208 505
cam_24 6312 1 1 185 478
cam_24 6329 1 4 138 529
cam_24 6385 2 1 1055 355
cam_24 6798 2 2 1008 310
cam_24 6381 1 1 222 476
cam_24 6438 2 1 1063 356
cam_24 6478 2 1 1034 346
cam_24 6494 2 1 953 296
cam_24 6544 1 4 130 490
cam_24 6589 2 1 1064 345
cam_24 6604 2 1 1077 350
cam_24 6562 1 1 165 490
cam_24 6581 1 1 201 485
cam_24 6596 1 1 252 519
cam_24 6727 2 1 1094 335
cam_24 6585 1 1 285 496
cam_24 6637 2 1 1022 345
cam_24 6590 1 1 293 511
cam_24 6606 1 1 296 506
cam_24 6607 1 1 187 470
cam_24 6625 1 1 339 514
cam_24 6639 1 1 235 483
cam_24 6840 2 2 999 321
cam_24 6643 1 1 365 471
cam_24 6674 1 1 290 474
cam_24 6693 1 1 216 479
cam_24 6717 1 4 74 500
cam_24 6712 2 1 1026 342
cam_24 6735 2 1 1049 337
cam_24 6866 2 4 972 331
cam_24 6734 1 1 244 505
cam_24 6753 2 1 1080 352
cam_24 6793 2 1 1008 323
cam_24 6744 1 1 260 471
cam_24 6808 2 1 1055 333
cam_24 6754 2 1 995 338
cam_24 6768 1 1 340 563
cam_24 6760 1 1 210 486
cam_24 6806 1 2 214 566
cam_24 6780 1 1 297 508
cam_24 6780 1 1 228 487
cam_24 6816 2 1 1044 345
cam_24 6825 1 1 393 557
cam_24 6852 2 1 1064 342
cam_24 6877 2 1 1055 324
cam_24 6885 2 1 1090 330
cam_24 6874 1 1 278 507
cam_24 6870 2 1 1033 340
cam_24 6873 1 1 207 480
cam_24 6936 1 3 62 529
cam_24 6907 2 1 1098 337
cam_24 6972 2 1 1079 328
cam_24 6916 2 1 1064 340
cam_24 6951 2 1 1094 330
cam_24 6946 2 1 1020 328
cam_24 7001 2 1 1046 318
cam_24 6991 1 2 234 574
cam_24 6962 1 1 215 485
cam_24 6982 2 1 990 307
cam_24 6939 1 1 357 451
cam_24 6972 1 1 266 500
cam_24 6977 1 1 273 526
cam_24 7011 2 1 983 305
cam_24 6988 1 1 161 492
cam_24 6997 2 1 1011 325
cam_24 7026 2 1 1040 321
cam_24 7004 1 1 449 583
cam_24 6996 1 1 342 472
cam_24 7021 1 1 299 534
cam_24 7003 1 1 389 458
cam_24 7078 2 1 1075 327
cam_24 7035 1 1 279 483
cam_24 7028 2 1 976 304
cam_24 7027 2 1 1013 332
cam_24 7048 1 1 268 535
cam_24 7033 1 1 354 461
cam_24 7053 1 1 301 531
cam_24 7076 2 1 983 306
cam_24 7044 1 1 300 441
cam_24 7071 1 1 377 538
cam_24 7093 2 1 1034 328
cam_24 7088 1 1 221 497
cam_24 7098 1 1 322 493
cam_24 7135 2 1 1030 321
cam_24 7068 1 1 232 512
cam_24 7108 2 1 996 315
cam_24 7225 2 1 1097 336
cam_24 7131 2 1 1002 315
cam_24 7155 2 1 1028 330
cam_24 7263 2 4 1024 298
cam_24 7146 2 1 1059 332
cam_24 7139 1 1 235 503
cam_24 7182 2 1 1055 330
cam_24 7170 2 1 1069 332
cam_24 7201 2 1 1054 326
cam_24 7188 1 1 300 494
cam_24 7215 1 2 140 570
cam_24 7216 2 1 1047 332
cam_24 7230 2 1 1064 347
cam_24 7249 2 1 1015 340
cam_24 7249 2 1 1051 333
cam_24 7230 1 1 211 508
cam_24 7220 1 1 209 477
cam_24 7253 1 1 236 521
cam_24 7258 2 1 1077 349
cam_24 7276 1 2 223 579
cam_24 7281 2 1 1078 352
cam_24 7239 1 1 475 485
cam_24 7260 1 1 267 487
cam_24 7312 2 1 1077 352
cam_24 7317 2 1 1061 355
cam_24 7314 1 1 233 489
cam_24 7304 1 1 213 483
cam_24 7315 2 1 1031 351
cam_24 7328 1 1 317 542
cam_24 7350 2 1 1017 322
cam_24 7341 1 1 171 490
cam_24 7382 2 1 1094 331
cam_24 7344 1 1 259 500
cam_24 7345 1 1 303 533
cam_24 7362 2 1 1009 332
cam_24 7401 2 1 1044 323
cam_24 7362 2 1 994 310
cam_24 7402 2 1 1017 325
cam_24 7379 1 1 179 480
cam_24 7391 2 1 1080 329
cam_24 7368 1 1 173 492
cam_24 7374 2 1 982 305
cam_24 7391 1 1 199 477
cam_24 7389 1 1 246 515
cam_24 7422 1 1 341 543
cam_24 7429 2 1 1000 308
cam_24 7417 2 1 1027 324
cam_24 7429 2 1 976 316
cam_24 7458 2 1 1052 321
cam_24 8395 2 1 1002 305
cam_24 7428 2 1 953 311
cam_24 7439 1 1 292 506
cam_24 7435 2 1 1041 322
cam_24 7443 2 1 990 337
cam_24 7444 1 1 227 509
cam_24 7431 1 1 291 496
cam_24 7484 2 1 1083 328
cam_24 7453 2 1 982 302
cam_24 7454 1 1 239 511
cam_24 7481 2 1 1002 310
cam_24 7482 1 1 185 487
cam_24 7488 2 1 996 332
cam_24 7506 2 1 1025 315
cam_24 7505 2 1 992 306
cam_24 7516 2 1 1042 333
cam_24 7527 2 1 1022 319
cam_24 7562 2 1 1046 322
cam_24 7518 2 1 968 321
cam_24 7540 2 1 1059 333
cam_24 7532 2 1 1075 327
cam_24 7551 2 1 999 310
cam_24 7549 2 1 1008 328
cam_24 7529 1 1 250 489
cam_24 7563 1 1 494 573
cam_24 7572 2 1 1038 318
cam_24 7577 2 1 1008 311
cam_24 7597 1 1 202 495
cam_24 7568 1 1 424 577
cam_24 7630 1 1 449 475
cam_24 7663 2 1 1039 325
cam_24 7677 2 1 1035 318
cam_24 7639 2 1 1040 318
cam_24 7644 2 1 1017 315
cam_24 7651 1 1 244 520
cam_24 7659 1 1 239 494
cam_24 7668 1 1 160 468
cam_24 7677 1 1 365 469
cam_24 7659 2 1 975 322
cam_24 7677 2 1 1002 309
cam_24 7708 2 1 1035 328
cam_24 7707 2 1 999 312
cam_24 7700 2 1 999 309
cam_24 7733 1 1 258 490
cam_24 7738 2 1 1021 319
cam_24 7778 2 1 1037 319
cam_24 7818 2 1 1041 318
cam_24 7823 2 1 1029 316
cam_24 7842 1 1 202 472
cam_24 7896 2 4 1024 284
cam_24 7900 2 1 1020 341
cam_24 7893 2 1 993 341
cam_24 7925 2 1 993 312
cam_24 7972 2 1 1032 339
cam_24 7942 2 1 980 326
cam_24 7966 2 1 972 325
cam_24 7983 2 1 1015 324
cam_24 7980 2 1 978 333
cam_24 7969 1 1 382 455
cam_24 7990 2 1 992 329
cam_24 7991 1 1 186 479
cam_24 7972 1 1 231 496
cam_24 8011 2 1 1024 315
cam_24 8012 2 1 990 307
cam_24 8012 1 1 275 529
cam_24 8028 2 1 1013 314
cam_24 7989 1 1 425 480
cam_24 8027 1 1 274 503
cam_24 8028 2 1 1034 322
cam_24 8018 1 1 216 466
cam_24 8055 1 1 303 534
cam_24 8049 1 1 240 513
cam_24 8037 1 1 344 554
cam_24 8040 2 1 1009 322
cam_24 8044 1 1 324 542
cam_24 8047 2 1 1001 310
cam_24 8060 1 1 328 545
cam_24 8051 2 1 1036 322
cam_24 8067 2 1 1023 338
cam_24 8075 1 1 443 578
cam_24 8078 2 2 1003 306
cam_24 8063 1 1 168 470
cam_24 8054 2 1 1000 313
cam_24 8079 1 1 154 478
cam_24 8064 1 1 230 505
cam_24 8077 1 1 346 451
cam_24 8055 1 1 243 486
cam_24 8089 2 1 1038 326
cam_24 8090 2 1 1010 312
cam_24 8115 1 1 314 509
cam_24 8103 1 1 291 540
cam_24 8151 1 1 263 531
cam_24 8126 1 1 262 505
cam_24 8131 2 1 1039 324
cam_24 8135 1 1 265 507
cam_24 8107 1 1 172 479
cam_24 8229 1 2 226 555
cam_24 8150 2 1 1018 312
cam_24 8157 2 1 1017 313
cam_24 8228 1 1 190 455
cam_24 8181 2 1 1040 318
cam_24 8205 2 1 1040 322
cam_24 8175 1 1 308 524
cam_24 8214 2 1 1033 317
cam_24 8240 2 2 1010 305
cam_24 8229 2 1 987 330
cam_24 8239 2 1 992 326
cam_24 8256 2 1 1003 331
cam_24 8248 2 1 976 318
cam_24 8238 1 1 256 494
cam_24 8277 2 1 1005 318
cam_24 8250 1 1 235 481
cam_24 8268 1 1 177 471
cam_24 8289 1 1 187 472
cam_24 8266 2 1 983 306
cam_24 8281 1 1 209 507
cam_24 8316 1 1 180 466
cam_24 8284 2 1 996 315
cam_24 8301 2 1 979 315
cam_24 8284 2 1 965 320
cam_24 8314 2 1 1000 342
cam_24 8307 2 1 962 328
cam_24 8317 1 1 226 500
cam_24 8337 2 1 1099 351
cam_24 8358 2 1 987 340
cam_24 8337 2 1 1071 354
cam_24 8334 1 1 157 485
cam_24 8362 2 1 1094 357
cam_24 8389 2 1 1093 352
cam_24 8374 2 1 1009 338
cam_24 8403 2 1 1073 343
cam_24 8428 2 1 1046 332
cam_24 8409 2 1 1094 350
cam_24 8431 2 1 1095 331
cam_24 8501 2 4 1021 297
cam_24 8439 2 1 1072 335
cam_24 8455 2 1 1069 323
cam_24 8472 2 1 1039 353
cam_24 8496 2 1 1050 326
cam_24 8535 2 2 1013 278
cam_24 8550 2 1 1061 322
cam_24 8533 2 1 1007 340
cam_24 8520 1 1 254 494
cam_24 8516 1 1 287 519
cam_24 8523 1 1 276 533
cam_24 8534 1 1 228 491
cam_24 8528 1 1 223 488
cam_24 8535 1 1 297 511
cam_24 8550 2 1 997 310
cam_24 8537 1 1 339 540
cam_24 8551 2 1 1028 329
cam_24 8547 1 1 280 526
cam_24 8545 1 1 488 514
cam_24 8572 2 1 1058 334
cam_24 8554 1 1 475 484
cam_24 8556 1 1 365 512
cam_24 8592 2 1 1068 322
cam_24 8576 1 1 309 527
cam_24 8566 1 1 271 520
cam_24 8580 1 1 210 489
cam_24 8562 1 1 210 482
cam_24 8568 1 1 258 455
cam_24 8574 2 1 1029 317
cam_24 8604 1 2 211 581
cam_24 8586 1 1 178 474
cam_24 8630 1 2 142 578
cam_24 8598 1 1 185 490
cam_24 8607 1 1 226 475
cam_24 8612 1 1 250 474
cam_24 8631 2 1 1060 324
cam_24 8627 1 1 452 568
cam_24 8643 2 1 1027 316
cam_24 8639 2 1 1053 321
cam_24 8643 1 1 378 482
cam_24 8640 1 1 434 576
cam_24 8634 1 1 226 473
cam_24 8660 2 1 1067 323
cam_24 8658 2 1 1039 321
cam_24 8714 1 1 159 454
cam_24 8666 2 1 1021 314
cam_24 8660 1 1 480 567
cam_24 8676 2 1 1058 324
cam_24 8682 2 1 1030 317
cam_24 8696 2 1 1062 325
cam_24 8686 2 1 1030 334
cam_24 8714 1 1 248 505
cam_24 8709 2 1 1063 319
cam_24 8690 2 1 998 309
cam_24 8737 1 1 223 518
cam_24 8744 1 1 251 520
cam_24 8733 2 1 1067 323
cam_24 8787 1 4 67 491
cam_24 8735 1 1 208 486
cam_24 8754 1 1 271 490
cam_24 8750 2 2 1023 310
cam_24 8748 1 1 191 484
cam_24 8753 2 1 1067 327
cam_24 8765 2 1 1046 320
cam_24 8770 2 1 1031 317
cam_24 8805 1 2 193 573
cam_24 8772 2 1 1009 313
cam_24 8772 2 1 1021 341
cam_24 8782 2 1 1064 322
cam_24 8792 2 1 1047 321
cam_24 8800 2 1 1046 318
cam_24 8827 1 1 347 499
cam_24 8816 2 1 1052 322
cam_24 8796 1 1 229 492
cam_24 8821 1 1 234 514
cam_24 8828 1 1 276 515
cam_24 8839 1 1 319 551
cam_24 8841 2 1 1054 321
cam_24 8878 1 1 207 500
cam_24 8862 2 1 1052 321
cam_24 8872 1 1 338 563
cam_24 8889 1 1 232 507
cam_24 8879 2 1 1046 324
cam_24 8915 1 1 231 499
cam_24 8879 2 1 1017 314
cam_24 8922 1 1 184 471
cam_24 8892 2 1 1049 322
cam_24 8909 1 1 209 510
cam_24 8902 1 1 274 473
cam_24 8922 1 1 223 512
cam_24 8934 1 1 330 507
cam_24 8931 1 1 322 521
cam_24 8929 2 1 1042 320
cam_24 8930 1 1 232 498
cam_24 8964 1 1 206 494
cam_24 8943 2 1 1059 319
cam_24 8961 2 1 1053 319
cam_24 8953 2 1 1040 324
cam_24 8985 2 2 1015 308
cam_24 9003 2 2 1015 308
cam_24 9050 2 2 1014 267
cam_24 9022 2 1 1052 344
cam_24 9045 2 1 1068 332
cam_24 9066 2 1 1048 322
cam_24 9027 1 1 183 459
cam_24 9080 2 1 1065 325
cam_24 9027 1 1 339 552
cam_24 9054 2 1 1002 334
cam_24 9036 1 1 257 504
cam_24 9080 2 1 995 308
cam_24 9039 1 1 317 535
cam_24 9063 2 1 1002 334
cam_24 9046 1 1 221 506
cam_24 9061 1 1 227 496
cam_24 9062 1 1 390 545
cam_24 9089 2 1 1046 317
cam_24 9084 1 1 225 505
cam_24 9102 2 1 1039 319
cam_24 9101 1 1 273 526
cam_24 9109 2 1 1037 323
cam_24 9137 2 1 1077 329
cam_24 9099 2 1 979 319
cam_24 9125 2 1 1043 320
cam_24 9128 1 1 389 552
cam_24 9120 1 1 222 497
cam_24 9130 2 1 1024 313
cam_24 9129 1 1 239 484
cam_24 9137 1 1 210 512
cam_24 9152 1 1 266 498
cam_24 9150 2 1 1059 323
cam_24 9167 2 1 1040 317
cam_24 9174 2 1 1025 316
cam_24 9145 2 1 983 318
cam_24 9261 2 1 1075 328
cam_24 9213 2 1 1048 322
cam_24 9236 1 1 308 540
cam_24 9224 2 1 1047 320
cam_24 9237 2 1 1048 322
cam_24 9256 1 1 400 568
cam_24 9276 2 1 1057 324
cam_24 9247 2 1 1040 318
cam_24 9255 2 1 1041 323
cam_24 9287 2 1 1051 321
cam_24 9282 1 1 504 587
cam_24 9331 1 2 145 566
cam_24 9305 1 1 222 493
cam_24 9295 1 1 331 519
cam_24 9289 1 1 302 516
cam_24 9315 2 1 1051 325
cam_24 9298 2 1 1017 323
cam_24 9316 2 1 1023 315
cam_24 9317 1 1 197 489
cam_24 9347 2 1 1063 325
cam_24 9340 1 1 265 477
cam_24 9338 2 1 1026 317
cam_24 9354 2 1 1035 318
cam_24 9389 2 1 1063 322
cam_24 9382 2 1 1029 315
cam_24 9409 2 1 1072 329
cam_24 9409 2 1 1055 338
cam_24 9421 2 1 1056 335
cam_24 9438 2 1 1050 324
cam_24 9421 2 1 1012 335
cam_24 9431 1 1 458 590
cam_24 9454 2 1 1067 324
cam_24 9444 1 1 268 521
cam_24 9459 1 1 358 522
cam_24 9483 2 1 1072 325
cam_24 9456 2 1 1049 330
cam_24 9488 2 1 1042 319
cam_24 9457 1 1 450 486
cam_24 9488 2 1 1017 314
cam_24 9510 1 4 75 514
cam_24 9471 2 1 994 318
cam_24 9510 2 1 1048 320
cam_24 9518 2 1 1036 317
cam_24 9539 2 1 1053 321
cam_24 9523 1 1 310 544
cam_24 9518 1 1 242 487
cam_24 9530 2 1 1026 315
cam_24 9563 2 1 1041 320
cam_24 9568 2 1 998 312
cam_24 9620 2 2 1021 282
cam_24 9583 2 1 1032 315
cam_24 9587 2 1 1069 325
cam_24 9662 2 2 1014 310
cam_24 9622 2 1 1075 327
cam_24 9633 2 1 1041 344
cam_24 9631 2 1 1057 335
cam_24 9616 2 1 1048 348
cam_24 9624 1 1 211 557
cam_24 9652 2 1 1046 342
cam_24 9644 1 1 368 573
cam_24 9671 2 1 1079 327
cam_24 9663 1 1 304 439
cam_24 9642 1 1 261 510
cam_24 9656 1 1 259 524
cam_24 9686 2 1 1069 324
cam_24 9661 2 1 1013 333
cam_24 9681 2 1 1035 326
cam_24 9699 2 1 1027 337
cam_24 9696 2 1 986 304
cam_24 9685 2 1 1019 335
cam_24 9676 1 1 338 494
cam_24 9709 2 1 1070 327
cam_24 9732 2 1 1059 321
cam_24 9741 2 1 1034 317
cam_24 9748 1 1 216 452
cam_24 9742 2 1 1009 328
cam_24 9796 1 1 378 572
cam_24 9751 2 1 1026 331
cam_24 9786 2 1 1073 325
cam_24 9781 1 1 191 504
cam_24 9780 2 1 1047 321
cam_24 9786 1 1 248 523
cam_24 9815 2 1 1068 324
cam_24 9793 2 1 1010 333
cam_24 9786 2 1 1039 328
cam_24 9807 2 1 1034 332
cam_24 9852 2 1 1075 325
cam_24 9820 1 1 247 523
cam_24 9846 2 1 1048 322
cam_24 9826 2 1 1011 321
cam_24 9848 1 1 301 550
cam_24 9870 1 1 186 486
cam_24 9877 2 1 1059 322
cam_24 9903 1 1 290 505
cam_24 9888 1 1 219 503
cam_24 9924 1 2 164 551
cam_24 9880 2 1 1038 330
cam_24 9886 2 1 1036 331
cam_24 9906 2 1 1071 327
cam_24 9931 2 1 1062 323
cam_24 9904 2 1 1022 323
cam_24 9924 2 1 1039 332
cam_24 9946 2 1 986 327
cam_24 9924 2 1 978 304
cam_24 9951 2 1 1071 330
cam_24 9951 2 1 1047 343
cam_24 10141 2 1 1047 325
cam_24 9990 2 1 1069 324
cam_24 9963 2 1 1023 323
cam_24 9960 2 1 988 323
cam_24 9972 1 1 325 540
cam_24 9997 2 1 1053 331
cam_24 10032 1 4 102 558
cam_24 9981 1 1 310 535
cam_24 10014 1 1 436 578
cam_24 10016 2 1 1031 317
cam_24 10025 2 1 1061 322
cam_24 10052 2 2 1020 308
cam_24 10062 2 1 999 310
cam_24 10054 1 1 392 464
cam_24 10048 1 1 268 509
cam_24 10039 1 1 391 488
cam_24 10074 1 1 366 468
cam_24 10073 2 1 1059 322
cam_24 10135 2 3 1023 293
cam_24 10090 1 1 411 479
cam_24 10106 2 1 1065 322
cam_24 10099 1 1 345 507
cam_24 10190 2 1 1060 325
cam_24 10149 2 1 1068 324
cam_24 10131 1 1 248 492
cam_24 10138 1 1 196 498
cam_24 10166 2 1 1049 322
cam_24 10176 2 1 1075 327
cam_24 10168 1 1 294 481
cam_24 10199 2 1 1037 317
cam_24 10176 2 1 1008 323
cam_24 10221 2 1 1059 332
cam_24 10251 2 2 1023 309
cam_24 10728 2 1 1051 320
cam_24 10238 2 1 1071 324
cam_24 10386 2 1 1095 330
cam_24 10265 1 1 238 496
cam_24 10288 1 1 292 476
cam_24 10299 1 1 333 557
cam_24 10277 2 1 1055 322
cam_24 10300 1 1 393 477
cam_24 10320 2 4 1019 306
cam_24 10274 2 1 1030 319
cam_24 10290 2 1 1057 323
cam_24 10306 1 1 308 484
cam_24 10541 2 2 1035 307
cam_24 10350 2 1 1064 324
cam_24 10461 1 1 237 499
cam_24 10329 1 1 227 512
cam_24 10343 1 1 189 494
cam_24 10323 1 1 445 568
cam_24 10368 1 1 436 565
cam_24 10412 1 2 205 583
cam_24 10376 2 1 1070 324
cam_24 10429 2 1 1069 322
cam_24 10403 2 1 1066 325
cam_24 10387 1 1 379 469
cam_24 10434 1 1 211 497
cam_24 10431 2 1 1050 325
cam_24 10413 2 1 1050 326
cam_24 10445 1 1 164 484
cam_24 10455 2 1 1084 339
cam_24 10432 2 1 1032 337
cam_24 10512 1 3 97 522
cam_24 10455 1 1 387 491
cam_24 10446 2 1 1059 332
cam_24 10470 2 1 1072 326
cam_24 10455 2 1 1022 343
cam_24 10494 2 1 1054 334
cam_24 10464 2 1 1040 345
cam_24 10534 2 1 1080 329
cam_24 10480 1 1 220 499
cam_24 10500 2 1 1037 331
cam_24 10489 1 1 228 518
cam_24 10530 2 1 1058 331
cam_24 10516 2 1 1034 337
cam_24 10537 1 1 163 488
cam_24 10566 2 1 1086 355
cam_24 10608 2 2 1016 304
cam_24 10581 2 1 1042 338
cam_24 10605 2 1 1056 331
cam_24 10587 1 1 341 469
cam_24 10599 2 1 1019 338
cam_24 10653 1 2 201 570
cam_24 10596 2 1 988 340
cam_24 10620 2 1 1026 339
cam_24 10627 2 1 1052 335
cam_24 10602 1 1 234 484
cam_24 10633 2 1 1009 321
cam_24 10658 2 1 1070 322
cam_24 10663 2 1 1026 340
cam_24 10661 2 1 1047 320
cam_24 10655 1 1 434 578
cam_24 10661 1 1 457 575
cam_24 10666 2 1 1020 318
cam_24 10688 2 1 1074 327
cam_24 10658 1 1 223 502
cam_24 10681 1 1 321 499
cam_24 10687 2 1 1047 334
cam_24 10697 1 1 265 525
cam_24 10705 1 1 427 584
cam_24 10703 2 1 1009 309
cam_24 10716 2 1 1076 326
cam_24 10695 1 1 416 477
cam_24 10688 2 1 1018 313
cam_24 10724 1 1 224 498
cam_24 10732 1 1 265 517
cam_24 10741 2 1 1036 328
cam_24 10755 2 1 1047 320
cam_24 10741 1 1 321 511
cam_24 10776 1 1 224 466
cam_24 10770 2 1 1025 316
cam_24 10786 1 1 214 501
cam_24 10791 2 1 1028 315
cam_24 10828 1 1 185 493
cam_24 10805 2 1 1033 319
cam_24 10820 1 1 282 511
cam_24 10801 1 1 201 499
cam_24 10819 2 1 1062 322
cam_24 10833 1 1 277 531
cam_24 10818 2 1 1030 318
cam_24 10826 2 1 1026 315
cam_24 10845 1 1 192 490
cam_24 10864 1 1 317 451
cam_24 10857 2 1 1052 319
cam_24 10897 1 1 271 515
cam_24 10874 2 1 1064 323
cam_24 10893 1 1 243 485
cam_24 10876 1 1 217 501
cam_24 10870 2 1 1003 324
cam_24 10905 1 1 332 452
cam_24 10886 2 1 1041 318
cam_24 10886 2 1 1008 310
cam_24 10916 2 1 1057 322
cam_24 10920 2 1 1043 321
cam_24 10931 2 1 1050 319
cam_24 10952 2 2 1023 310
cam_24 10945 2 1 1059 322
cam_24 10976 2 4 1023 291
cam_24 11003 2 4 1026 300
cam_24 11029 2 1 1075 325
cam_24 10986 2 1 1062 324
cam_24 10988 1 1 290 522
cam_24 11013 1 1 229 490
cam_24 10995 2 1 1063 325
cam_24 10983 1 1 366 531
cam_24 10990 1 1 268 496
cam_24 10989 1 1 317 473
cam_24 11013 2 1 1050 319
cam_24 11042 1 1 405 570
cam_24 11028 2 1 1033 316
cam_24 11025 1 1 300 515
cam_24 11026 2 1 1021 329
cam_24 11069 1 1 265 488
cam_24 11040 2 1 1051 338
cam_24 11094 1 2 190 577
cam_24 11052 2 1 1062 328
cam_24 11044 1 1 283 461
cam_24 11068 2 1 1063 322
cam_24 11086 1 1 266 441
cam_24 11070 2 1 1032 317
cam_24 11075 1 1 188 484
cam_24 11089 2 1 1059 324
cam_24 11079 2 1 1026 319
cam_24 11082 1 1 245 520
cam_24 11114 1 1 414 581
cam_24 11089 2 1 1030 335
cam_24 11111 2 1 1047 320
cam_24 11129 1 1 267 504
cam_24 11103 1 1 243 510
cam_24 11114 1 1 238 498
cam_24 11168 1 1 161 480
cam_24 11130 2 1 1029 316
cam_24 11150 1 1 262 509
cam_24 11158 1 1 305 534
cam_24 11141 2 1 1038 321
cam_24 11168 2 1 1068 326
cam_24 11151 2 1 1016 311
cam_24 11175 2 1 1050 320
cam_24 11166 2 1 1023 314
cam_24 11175 2 1 1016 312
cam_24 11178 2 1 991 307
cam_24 11229 2 1 1021 315
cam_24 11297 2 4 1024 280
cam_24 11280 2 1 1057 348
cam_24 11297 2 1 1069 323
cam_24 11283 1 1 197 478
cam_24 11346 2 1 1090 357
cam_24 11329 2 1 1082 330
cam_24 11373 2 1 1059 346
cam_24 11322 2 1 1053 325
cam_24 11328 1 2 108 541
cam_24 11342 2 1 1035 318
cam_24 11357 2 1 1043 323
cam_24 11359 1 1 478 488
cam_24 11364 2 2 995 316
cam_24 11370 2 1 976 327
cam_24 11353 1 1 290 553
cam_24 11436 1 4 129 522
cam_24 11382 2 1 1007 334
cam_24 11430 2 2 1003 302
cam_24 11407 2 1 1049 335
cam_24 11411 1 1 180 503
cam_24 11415 2 1 1079 328
cam_24 11404 1 1 166 468
cam_24 11445 2 1 1044 319
cam_24 11422 1 1 216 491
cam_24 11455 1 1 349 558
cam_24 11451 2 1 1024 318
cam_24 11448 2 1 996 315
cam_24 11469 1 1 216 505
cam_24 11463 2 1 1019 314
cam_24 11499 1 1 250 493
cam_24 11492 1 1 288 523
cam_24 11497 1 1 337 531
cam_24 11515 1 1 311 554
cam_24 11509 2 1 1047 318
cam_24 11508 2 1 1020 318
cam_24 11521 1 1 419 471
cam_24 11556 2 4 1024 297
cam_24 11553 1 1 209 462
cam_24 11524 1 1 305 510
cam_24 11550 2 1 1071 327
cam_24 11529 2 1 1032 337
cam_24 11535 2 1 1034 333
cam_24 11564 2 1 1056 324
cam_24 11543 1 1 287 509
cam_24 11576 2 1 1055 322
cam_24 11576 1 1 263 515
cam_24 11553 1 1 261 517
cam_24 11580 1 1 253 500
cam_24 11588 2 1 1051 322
cam_24 11581 1 1 313 545
cam_24 11594 2 1 1039 320
cam_24 11610 2 1 1064 323
cam_24 11625 1 1 226 518
cam_24 11626 2 1 1035 317
cam_24 11699 1 2 194 580
cam_24 11666 1 1 240 508
cam_24 11650 1 1 273 512
cam_24 11646 2 1 1046 327
cam_24 11636 2 1 1025 322
cam_24 11643 2 1 1019 316
cam_24 11657 2 1 1060 320
cam_24 11672 1 1 236 508
cam_24 11680 2 1 1055 321
cam_24 11687 1 1 241 499
cam_24 11708 1 1 213 501
cam_24 11714 1 1 168 471
cam_24 11725 1 1 307 481
cam_24 11749 2 1 1064 329
cam_24 11707 1 1 273 477
cam_24 11721 1 1 208 506
cam_24 11715 2 1 1044 321
cam_24 11730 2 1 1029 318
cam_24 11773 2 1 1080 340
cam_24 11802 2 4 1018 273
cam_24 11748 2 1 1039 320
cam_24 11795 2 1 1075 326
cam_24 11769 2 1 1053 323
cam_24 11790 2 1 1043 334
cam_24 11797 2 1 1033 327
cam_24 11787 1 1 355 550
cam_24 11782 1 1 210 508
cam_24 11823 2 2 1022 307
cam_24 11796 1 1 201 496
cam_24 11805 1 1 215 491
cam_24 11805 2 1 1045 347
cam_24 11820 2 1 1056 323
cam_24 11815 1 1 314 484
cam_24 11820 1 1 334 541
cam_24 11832 2 1 1049 320
cam_24 11850 1 1 250 499
cam_24 11864 1 2 239 568
cam_24 11841 1 1 239 500
cam_24 11818 1 1 450 505
cam_24 11849 2 1 1047 321
cam_24 11844 2 1 1024 315
cam_24 11865 2 2 1038 321
cam_24 11848 2 1 1011 318
cam_24 11876 1 1 352 548
cam_24 11890 1 1 263 535
cam_24 11877 2 1 1054 322
cam_24 11881 1 1 234 523
cam_24 11874 2 1 998 311
cam_24 11874 1 1 312 515
cam_24 11886 1 1 221 490
cam_24 11892 2 1 1047 321
cam_24 11884 2 1 1014 312
cam_24 11913 1 1 327 447
cam_24 11905 1 1 194 501
cam_24 11895 1 1 251 497
cam_24 11909 2 1 1051 322
cam_24 11909 2 1 1012 310
cam_24 11928 2 1 1066 324
cam_24 11932 1 1 255 523
cam_24 12036 1 2 155 565
cam_24 11980 2 1 1048 321
cam_24 11993 2 2 1018 305
cam_24 11978 2 1 1073 328
cam_24 11997 2 1 1057 323
cam_24 11990 2 1 1070 328
cam_24 11979 2 1 1013 318
cam_24 11975 1 1 274 508
cam_24 12008 2 1 1064 325
cam_24 12018 2 1 1064 324
cam_24 12088 1 4 63 503
cam_24 12027 2 1 1056 326
cam_24 12057 2 1 1067 326
cam_24 12042 2 1 1048 323
cam_24 12054 1 1 297 482
cam_24 12049 2 1 1029 316
cam_24 12057 2 1 1024 316
cam_24 12123 1 2 243 585
cam_24 12102 1 2 302 574
cam_24 12147 1 2 199 558
cam_24 12101 2 1 1055 323
cam_24 12098 1 1 182 497
cam_24 12200 1 2 136 537
cam_24 12102 2 1 1036 340
cam_24 12113 1 1 228 496
cam_24 12125 1 1 235 464
cam_24 12107 1 1 236 517
cam_24 12120 2 1 1050 322
cam_24 12131 1 1 382 543
cam_24 12143 2 1 1055 321
cam_24 12144 1 1 288 431
cam_24 12166 1 1 202 486
cam_24 12178 1 1 198 499
cam_24 12155 1 1 295 508
cam_24 12154 1 1 285 481
cam_24 12160 1 1 246 501
cam_24 12152 1 1 201 492
cam_24 12184 1 1 214 483
cam_24 12311 2 1 1082 328
cam_24 12309 2 1 1067 323
cam_24 12330 2 1 1036 340
cam_24 12321 2 1 1070 325
cam_24 12338 2 1 1090 328
cam_24 12345 2 1 1030 324
cam_24 12337 1 1 369 575
cam_24 12312 1 1 268 516
cam_24 12318 1 1 199 495
cam_24 12328 1 1 241 519
cam_24 12367 2 1 1077 327
cam_24 12339 2 1 965 318
cam_24 12356 2 1 993 307
cam_24 12339 1 1 250 492
cam_24 12357 2 1 1038 331
cam_24 12366 2 1 1056 327
cam_24 12348 1 1 255 531
cam_24 12387 2 2 1008 305
cam_24 12364 2 1 1018 325
cam_24 12358 1 1 206 508
cam_24 12375 2 1 1058 334
cam_24 12370 1 1 284 507
cam_24 12386 2 1 1071 324
cam_24 12407 2 1 1062 324
cam_24 12402 2 1 1023 323
cam_24 12434 1 1 382 563
cam_24 12423 2 1 1041 331
cam_24 12411 2 1 1024 333
cam_24 12408 2 1 1001 309
cam_24 12423 2 1 1023 336
cam_24 12437 2 1 991 307
cam_24 12452 2 1 1049 322
cam_24 12447 2 1 1061 324
cam_24 12451 2 1 1012 320
cam_24 12428 1 1 242 481
cam_24 12476 2 1 1066 324
cam_24 12471 2 1 1020 315
cam_24 12466 2 1 1032 339
cam_24 12479 2 1 1011 311
cam_24 12477 2 1 1050 335
cam_24 12516 1 3 160 514
cam_24 12495 2 1 1079 326
cam_24 12504 2 1 1044 321
cam_24 12502 2 1 1025 341
cam_24 12522 2 1 1028 330
cam_24 12523 2 1 1063 329
cam_24 12529 2 1 1065 323
cam_24 12536 2 1 1046 318
cam_24 12530 2 1 1001 307
cam_24 12552 2 1 1049 323
cam_24 12563 2 1 1085 329
cam_24 12600 2 4 1028 275
cam_24 12581 2 1 1076 325
cam_24 12602 2 1 1073 326
cam_24 12591 1 1 165 466
cam_24 12608 2 1 1057 324
cam_24 12583 1 1 382 475
cam_24 12613 2 1 1027 332
cam_24 12626 2 1 1029 317
cam_24 12630 2 1 1064 320
cam_24 12672 1 1 340 529
cam_24 12686 2 1 1032 318
cam_24 12673 2 1 1071 327
cam_24 12684 2 1 1000 312
cam_24 12667 2 1 1057 348
cam_24 12681 2 1 1068 335
cam_24 12691 2 1 1021 330
cam_24 12704 2 1 1042 318
cam_24 12760 1 4 118 501
cam_24 12709 2 1 1032 317
cam_24 12732 2 1 1070 323
cam_24 12711 1 4 179 536
cam_24 12732 2 1 1017 314
cam_24 12755 2 4 1018 297
cam_24 12783 2 1 1076 323
cam_24 12741 1 1 288 496
cam_24 12759 2 1 1024 336
cam_24 12773 1 1 262 486
cam_24 12781 1 1 354 454
cam_24 12767 1 1 186 504
cam_24 12793 1 1 250 493
cam_24 12846 2 1 988 307
cam_24 12808 2 1 990 328
cam_24 12812 2 1 1037 322
cam_24 12841 2 1 1074 326
cam_24 12816 2 1 1043 338
cam_24 12805 2 1 963 329
cam_24 12834 2 1 1033 318
cam_24 12852 2 1 1064 323
cam_24 12833 2 1 1004 311
cam_24 12858 2 1 1036 320
cam_24 12863 2 1 1022 315
cam_24 12887 2 1 1075 326
cam_24 12875 2 1 1079 327
cam_24 12892 2 1 1064 323
cam_24 12867 2 1 995 311
cam_24 12899 2 1 1057 320
cam_24 12901 1 1 273 482
cam_24 12920 1 1 227 506
cam_24 12927 2 1 1051 321
cam_24 12939 2 1 1040 320
cam_24 12948 1 1 235 516
cam_24 12958 1 1 329 457
cam_24 12950 2 1 1034 320
cam_24 12993 2 2 1019 305
cam_24 12981 2 1 1054 323
cam_24 13016 1 1 196 490
cam_24 13056 1 2 235 555
cam_24 13005 1 1 236 480
cam_24 13038 1 1 243 485
cam_24 13042 1 1 234 528
cam_24 13060 2 1 1056 323
cam_24 13087 1 1 298 477
cam_24 13066 2 1 1030 329
cam_24 13073 2 1 1057 327
cam_24 13092 2 1 1080 327
cam_24 13088 2 1 1047 321
cam_24 13092 2 1 1029 318
cam_24 13112 2 2 1025 308
cam_24 13136 2 2 1018 281
cam_24 13141 2 1 1071 332
cam_24 13129 1 1 159 489
cam_24 13145 2 1 1074 323
cam_24 13131 1 1 277 507
cam_24 13136 1 1 209 495
cam_24 13144 1 1 151 483
cam_24 13143 1 1 329 530
cam_24 13183 1 1 345 497
cam_24 13216 1 2 195 569
cam_24 13202 2 1 1067 323
cam_24 13203 2 1 1040 320
cam_24 13200 2 1 1009 313
cam_24 13220 2 1 1063 326
cam_24 13222 2 2 1017 306
cam_24 13230 2 1 1001 309
cam_24 13230 1 1 538 576
cam_24 13230 2 1 1071 325
cam_24 13233 2 1 1038 321
cam_24 13242 2 1 1071 327
cam_24 13228 1 1 197 501
cam_24 13248 2 1 1040 318
cam_24 13222 1 1 208 503
cam_24 13263 2 1 1078 326
cam_24 13296 1 1 409 469
cam_24 13295 2 1 1027 315
cam_24 13327 2 1 1069 324
cam_24 13314 2 1 999 310
cam_24 13362 2 1 1018 271
cam_24 13332 2 1 1030 316
cam_24 13338 2 1 1063 346
cam_24 13348 2 1 1064 322
cam_24 13370 2 1 1070 325
cam_24 13407 2 1 1077 327
cam_24 13408 2 1 1040 317
cam_24 13431 2 1 1044 322
cam_24 13436 2 1 1028 314
cam_24 13474 2 1 1052 320
cam_24 13500 1 1 384 464
cam_24 13500 2 1 985 329
